epoch,step,train/cat_loss,train/loss,train/nan_count,train/num_loss,val/cat_loss,val/loss,val/nan_count,val/num_loss
0,0,0.723319411277771,7.749149322509766,429.0,7.025829792022705,,,,
0,1,0.6726813316345215,6.456389427185059,430.0,5.783708095550537,,,,
0,2,0.6270979642868042,6.097589492797852,402.0,5.470491409301758,,,,
0,3,0.5861087441444397,5.3445611000061035,428.0,4.758452415466309,,,,
0,4,0.5449274778366089,5.1027913093566895,419.0,4.557863712310791,,,,
0,5,0.5128145217895508,4.5858988761901855,392.0,4.073084354400635,,,,
0,6,0.4844595789909363,3.941270112991333,411.0,3.456810474395752,,,,
0,7,0.45880967378616333,3.384810447692871,466.0,2.9260008335113525,,,,
0,8,0.4404294788837433,3.1904196739196777,471.0,2.749990224838257,,,,
0,9,0.4094932973384857,3.2629759311676025,452.0,2.853482723236084,,,,
0,10,0.3958430290222168,3.0792815685272217,460.0,2.683438539505005,,,,
0,11,0.3839336335659027,2.856513261795044,427.0,2.4725797176361084,,,,
0,12,0.37088507413864136,2.5105223655700684,429.0,2.1396372318267822,,,,
0,13,0.34884095191955566,2.298198699951172,455.0,1.9493576288223267,,,,
0,14,0.3473532199859619,2.045062303543091,425.0,1.697709083557129,,,,
0,15,0.3320479094982147,2.0748071670532227,412.0,1.7427592277526855,,,,
0,16,0.33046823740005493,1.6112949848175049,426.0,1.2808268070220947,,,,
0,17,0.3167761564254761,1.7984474897384644,416.0,1.4816713333129883,,,,
0,18,0.3091864585876465,1.6201434135437012,443.0,1.3109569549560547,,,,
0,19,0.2953117787837982,1.5276572704315186,422.0,1.232345461845398,,,,
0,20,0.3071069121360779,1.3907878398895264,418.0,1.0836808681488037,,,,
0,21,0.2988233268260956,1.141115665435791,444.0,0.842292308807373,,,,
0,22,0.29319536685943604,1.1139030456542969,428.0,0.8207077383995056,,,,
0,23,0.29137998819351196,1.169259786605835,410.0,0.8778798580169678,,,,
0,24,0.27113887667655945,1.1007192134857178,462.0,0.8295803070068359,,,,
0,25,0.2865075170993805,1.0487632751464844,419.0,0.7622557878494263,,,,
0,26,0.27024585008621216,0.9940443634986877,421.0,0.7237985134124756,,,,
0,27,0.27674469351768494,0.9480041265487671,416.0,0.6712594032287598,,,,
0,28,0.25900164246559143,0.9306149482727051,450.0,0.671613335609436,,,,
0,29,0.2777197062969208,1.0315446853637695,428.0,0.7538249492645264,,,,
0,30,0.2687946557998657,0.9371259808540344,462.0,0.6683313250541687,,,,
0,31,0.27127572894096375,0.9118103981018066,452.0,0.6405346393585205,,,,
0,32,0.2694566547870636,0.8824359178543091,450.0,0.6129792928695679,,,,
0,33,0.2516111731529236,0.8773313760757446,419.0,0.625720202922821,,,,
0,34,0.25014397501945496,0.8368662595748901,399.0,0.5867222547531128,,,,
0,35,0.24981540441513062,0.8591787219047546,462.0,0.609363317489624,,,,
0,36,0.26678794622421265,0.9932175874710083,457.0,0.7264296412467957,,,,
0,37,0.24863165616989136,0.8866361379623413,454.0,0.63800448179245,,,,
0,38,0.24408645927906036,0.8679673075675964,423.0,0.6238808631896973,,,,
0,39,0.24203601479530334,0.7999974489212036,424.0,0.5579614639282227,,,,
0,40,0.2484424114227295,0.8341506123542786,445.0,0.5857082009315491,,,,
0,41,0.23313726484775543,0.8000057339668274,431.0,0.5668684840202332,,,,
0,42,0.22843989729881287,0.7641297578811646,456.0,0.5356898903846741,,,,
0,43,0.23294146358966827,0.7688218951225281,451.0,0.535880446434021,,,,
0,44,0.22751586139202118,0.7763625383377075,427.0,0.5488466620445251,,,,
0,45,0.22250130772590637,0.7266387939453125,445.0,0.5041374564170837,,,,
0,46,0.23430094122886658,0.8860758543014526,456.0,0.6517749428749084,,,,
0,47,0.2240806370973587,0.8007026314735413,456.0,0.5766220092773438,,,,
0,48,0.22128616273403168,0.7475722432136536,406.0,0.5262860655784607,,,,
0,49,0.22345417737960815,0.6961108446121216,449.0,0.4726566970348358,,,,
0,50,0.21985425055027008,0.7139590382575989,472.0,0.4941047728061676,,,,
0,51,0.21853911876678467,0.7236564755439758,398.0,0.5051173567771912,,,,
0,52,0.21459168195724487,0.7184028625488281,459.0,0.5038111805915833,,,,
0,53,0.2142937034368515,0.7299509048461914,415.0,0.5156571865081787,,,,
0,54,0.20408575236797333,0.6511917114257812,422.0,0.44710594415664673,,,,
0,55,0.21325302124023438,0.683517336845398,411.0,0.47026434540748596,,,,
0,56,0.21345779299736023,0.7110572457313538,443.0,0.49759945273399353,,,,
0,57,0.20884613692760468,0.6726405024528503,445.0,0.46379438042640686,,,,
0,58,0.2156313806772232,0.696379542350769,437.0,0.48074817657470703,,,,
0,59,0.21070797741413116,0.6685948371887207,429.0,0.45788687467575073,,,,
0,60,0.20636773109436035,0.6533879041671753,400.0,0.44702014327049255,,,,
0,61,0.19926956295967102,0.6224988698959351,407.0,0.42322930693626404,,,,
0,62,0.21197481453418732,0.6442074179649353,452.0,0.4322325885295868,,,,
0,63,0.21810147166252136,0.6680001020431519,470.0,0.4498986601829529,,,,
0,64,0.2096203714609146,0.6485425233840942,479.0,0.43892213702201843,,,,
0,65,0.19897854328155518,0.6511456966400146,415.0,0.4521671235561371,,,,
0,66,0.20621329545974731,0.6409311294555664,453.0,0.4347178637981415,,,,
0,67,0.2023351639509201,0.6389583945274353,410.0,0.436623215675354,,,,
0,68,0.19939032196998596,0.6361555457115173,448.0,0.43676522374153137,,,,
0,69,0.19718201458454132,0.6374204158782959,468.0,0.4402383863925934,,,,
0,70,0.2087758332490921,0.6145584583282471,455.0,0.4057826101779938,,,,
0,71,0.19813203811645508,0.6136444807052612,426.0,0.41551244258880615,,,,
0,72,0.19357474148273468,0.6125754714012146,420.0,0.4190007150173187,,,,
0,73,0.1913682073354721,0.5893510580062866,456.0,0.3979828357696533,,,,
0,74,0.19387179613113403,0.629289448261261,477.0,0.43541765213012695,,,,
0,75,0.19936171174049377,0.6169027090072632,441.0,0.4175410270690918,,,,
0,76,0.18163509666919708,0.5556508302688599,465.0,0.3740157186985016,,,,
0,77,0.20105449855327606,0.6375014781951904,438.0,0.4364469647407532,,,,
0,78,0.19994324445724487,0.5997101664543152,417.0,0.3997669219970703,,,,
0,79,0.19939890503883362,0.5924811959266663,429.0,0.39308229088783264,,,,
0,80,0.18677262961864471,0.5784479379653931,445.0,0.39167529344558716,,,,
0,81,0.19956128299236298,0.6238842606544495,438.0,0.4243229627609253,,,,
0,82,0.18714964389801025,0.6217702627182007,399.0,0.4346206486225128,,,,
0,83,0.1986735314130783,0.6078075170516968,458.0,0.4091339707374573,,,,
0,84,0.1881268173456192,0.5465362668037415,408.0,0.35840943455696106,,,,
0,85,0.2023666799068451,0.6036697030067444,416.0,0.4013030230998993,,,,
0,86,0.2025335431098938,0.6071892380714417,445.0,0.40465569496154785,,,,
0,87,0.18630193173885345,0.5871028900146484,439.0,0.4008009731769562,,,,
0,88,0.1836688071489334,0.5600177645683289,428.0,0.37634894251823425,,,,
0,89,0.18967008590698242,0.5995490550994873,434.0,0.4098789393901825,,,,
0,90,0.190825417637825,0.5911067128181458,438.0,0.40028131008148193,,,,
0,91,0.18310204148292542,0.5624393224716187,440.0,0.37933728098869324,,,,
0,92,0.18329620361328125,0.544828474521637,452.0,0.3615322709083557,,,,
0,93,0.18135078251361847,0.566960871219635,447.0,0.38561007380485535,,,,
0,94,0.18862804770469666,0.5564175844192505,427.0,0.36778953671455383,,,,
0,95,0.18928420543670654,0.5756644606590271,436.0,0.38638025522232056,,,,
0,96,0.179111048579216,0.5684754848480225,466.0,0.38936445116996765,,,,
0,97,0.1798401027917862,0.5552160143852234,448.0,0.375375896692276,,,,
0,98,0.18196211755275726,0.5539467930793762,425.0,0.37198466062545776,,,,
0,99,0.16648627817630768,0.5343595743179321,444.0,0.36787328124046326,,,,
0,100,0.17190198600292206,0.5380293726921082,449.0,0.3661273717880249,,,,
0,101,0.1784902960062027,0.5384585857391357,470.0,0.35996830463409424,,,,
0,102,0.17596597969532013,0.5355701446533203,468.0,0.359604150056839,,,,
0,103,0.18085512518882751,0.5238128900527954,462.0,0.3429577946662903,,,,
0,104,0.18105269968509674,0.5552046298980713,438.0,0.37415194511413574,,,,
0,105,0.18082576990127563,0.6091313362121582,412.0,0.42830556631088257,,,,
0,106,0.17258933186531067,0.5128178000450134,431.0,0.34022846817970276,,,,
0,107,0.15993933379650116,0.5272523164749146,421.0,0.3673129677772522,,,,
0,108,0.1688184291124344,0.5339388847351074,448.0,0.36512047052383423,,,,
0,109,0.18407028913497925,0.574264645576477,441.0,0.3901943266391754,,,,
0,110,0.16506551206111908,0.507375955581665,466.0,0.34231045842170715,,,,
0,111,0.18217270076274872,0.5502690076828003,354.0,0.36809632182121277,,,,
0,111,,,,,0.2610495090484619,0.6573194861412048,247.14834594726562,0.39626988768577576
1,112,0.17874962091445923,0.5382697582244873,436.0,0.3595201373100281,,,,
1,113,0.16972489655017853,0.5253787636756897,463.0,0.35565388202667236,,,,
1,114,0.1752573847770691,0.5681642889976501,433.0,0.39290690422058105,,,,
1,115,0.1655290424823761,0.5052791833877563,426.0,0.33975011110305786,,,,
1,116,0.16916728019714355,0.5418978929519653,435.0,0.3727306127548218,,,,
1,117,0.17070627212524414,0.5354176759719849,437.0,0.3647114336490631,,,,
1,118,0.17187374830245972,0.5413890480995178,457.0,0.3695152997970581,,,,
1,119,0.17139682173728943,0.5269216299057007,453.0,0.35552477836608887,,,,
1,120,0.1595800369977951,0.4934859871864319,403.0,0.3339059352874756,,,,
1,121,0.17996928095817566,0.5459511280059814,415.0,0.3659818172454834,,,,
1,122,0.173490971326828,0.5360251069068909,451.0,0.36253413558006287,,,,
1,123,0.1603160947561264,0.508415162563324,419.0,0.34809908270835876,,,,
1,124,0.17369307577610016,0.509119987487793,421.0,0.335426926612854,,,,
1,125,0.16388638317584991,0.5083194375038147,445.0,0.3444330394268036,,,,
1,126,0.16923712193965912,0.49368882179260254,429.0,0.3244516849517822,,,,
1,127,0.168052539229393,0.49109214544296265,442.0,0.32303959131240845,,,,
1,128,0.15829238295555115,0.48034587502479553,427.0,0.3220534920692444,,,,
1,129,0.16643892228603363,0.522203803062439,445.0,0.35576489567756653,,,,
1,130,0.16819316148757935,0.5108467936515808,426.0,0.34265363216400146,,,,
1,131,0.1535218209028244,0.47146737575531006,501.0,0.31794556975364685,,,,
1,132,0.17552265524864197,0.5608550310134888,445.0,0.3853323459625244,,,,
1,133,0.16292306780815125,0.4914455711841583,421.0,0.3285225033760071,,,,
1,134,0.15383926033973694,0.5031883716583252,416.0,0.34934914112091064,,,,
1,135,0.16749584674835205,0.5248860120773315,440.0,0.3573901355266571,,,,
1,136,0.16122756898403168,0.4970150589942932,435.0,0.33578747510910034,,,,
1,137,0.15630410611629486,0.4992305040359497,430.0,0.34292638301849365,,,,
1,138,0.16032904386520386,0.508397102355957,429.0,0.3480680584907532,,,,
1,139,0.165861576795578,0.5380581617355347,450.0,0.37219658493995667,,,,
1,140,0.15705329179763794,0.5282042026519775,429.0,0.371150940656662,,,,
1,141,0.15400229394435883,0.4930483102798462,428.0,0.33904600143432617,,,,
1,142,0.15245351195335388,0.45933082699775696,388.0,0.3068773150444031,,,,
1,143,0.16486862301826477,0.5014010667800903,435.0,0.33653247356414795,,,,
1,144,0.16061100363731384,0.4685399532318115,441.0,0.3079289495944977,,,,
1,145,0.1626671403646469,0.5141772627830505,441.0,0.35151010751724243,,,,
1,146,0.16139116883277893,0.5095248222351074,439.0,0.3481336534023285,,,,
1,147,0.1526898592710495,0.472869873046875,434.0,0.3201799988746643,,,,
1,148,0.16201622784137726,0.4869372248649597,434.0,0.32492101192474365,,,,
1,149,0.15404842793941498,0.5066562294960022,416.0,0.352607786655426,,,,
1,150,0.1609395295381546,0.5020890235900879,462.0,0.3411494791507721,,,,
1,151,0.1663799285888672,0.5508325099945068,420.0,0.38445255160331726,,,,
1,152,0.1525789499282837,0.4676130414009094,398.0,0.31503409147262573,,,,
1,153,0.15384916961193085,0.4726483225822449,435.0,0.3187991678714752,,,,
1,154,0.15497449040412903,0.5114421844482422,416.0,0.35646769404411316,,,,
1,155,0.15850956737995148,0.4907165765762329,413.0,0.3322070240974426,,,,
1,156,0.15702198445796967,0.4730347990989685,481.0,0.31601282954216003,,,,
1,157,0.15590964257717133,0.4749745726585388,441.0,0.3190649151802063,,,,
1,158,0.14895115792751312,0.4707028269767761,438.0,0.3217516541481018,,,,
1,159,0.1531982719898224,0.4557564854621887,464.0,0.30255821347236633,,,,
1,160,0.1579393744468689,0.525547981262207,476.0,0.3676086366176605,,,,
1,161,0.14793778955936432,0.4400162696838379,426.0,0.2920784652233124,,,,
1,162,0.14911362528800964,0.4558531641960144,460.0,0.30673953890800476,,,,
1,163,0.15149612724781036,0.5045976638793945,456.0,0.35310155153274536,,,,
1,164,0.15181198716163635,0.4506688714027405,424.0,0.2988568842411041,,,,
1,165,0.14917153120040894,0.4424257278442383,411.0,0.29325419664382935,,,,
1,166,0.160324364900589,0.4848834276199341,449.0,0.3245590627193451,,,,
1,167,0.1600435972213745,0.47902700304985046,420.0,0.31898340582847595,,,,
1,168,0.1455514281988144,0.46605002880096436,423.0,0.32049858570098877,,,,
1,169,0.16228251159191132,0.49353593587875366,425.0,0.33125343918800354,,,,
1,170,0.14538516104221344,0.45763444900512695,465.0,0.3122493028640747,,,,
1,171,0.1626637876033783,0.5637730360031128,458.0,0.4011092185974121,,,,
1,172,0.1494700014591217,0.4565982222557068,471.0,0.3071282207965851,,,,
1,173,0.15680687129497528,0.477908730506897,414.0,0.3211018443107605,,,,
1,174,0.1517772376537323,0.44537633657455444,433.0,0.29359909892082214,,,,
1,175,0.15307939052581787,0.45369523763656616,426.0,0.3006158471107483,,,,
1,176,0.14825040102005005,0.4290408194065094,437.0,0.28079041838645935,,,,
1,177,0.1442602276802063,0.4422949552536011,434.0,0.2980347275733948,,,,
1,178,0.1549474447965622,0.481805682182312,413.0,0.3268582224845886,,,,
1,179,0.1533731073141098,0.4682542681694031,427.0,0.31488117575645447,,,,
1,180,0.1443416029214859,0.42959535121917725,415.0,0.28525373339653015,,,,
1,181,0.14516973495483398,0.4248982071876526,426.0,0.2797284722328186,,,,
1,182,0.14053717255592346,0.43373382091522217,447.0,0.2931966483592987,,,,
1,183,0.1582309901714325,0.4808464050292969,432.0,0.3226154148578644,,,,
1,184,0.1462670862674713,0.454496830701828,443.0,0.3082297444343567,,,,
1,185,0.14244459569454193,0.44075828790664673,444.0,0.2983136773109436,,,,
1,186,0.135508194565773,0.43330681324005127,476.0,0.29779860377311707,,,,
1,187,0.1550058275461197,0.4730376601219177,444.0,0.31803184747695923,,,,
1,188,0.14364396035671234,0.4083818197250366,426.0,0.2647378444671631,,,,
1,189,0.1535453051328659,0.4738832116127014,424.0,0.3203379213809967,,,,
1,190,0.14887575805187225,0.43637382984161377,436.0,0.2874980866909027,,,,
1,191,0.15319910645484924,0.48302191495895386,408.0,0.3298228085041046,,,,
1,192,0.15062308311462402,0.43668147921562195,460.0,0.2860583961009979,,,,
1,193,0.14338186383247375,0.44095292687416077,487.0,0.297571063041687,,,,
1,194,0.14341211318969727,0.43070921301841736,435.0,0.2872970998287201,,,,
1,195,0.14723485708236694,0.4469600021839142,438.0,0.29972514510154724,,,,
1,196,0.15801407396793365,0.49195510149002075,400.0,0.3339410126209259,,,,
1,197,0.13523675501346588,0.42974942922592163,437.0,0.29451268911361694,,,,
1,198,0.14452795684337616,0.45841044187545776,466.0,0.3138824701309204,,,,
1,199,0.14099358022212982,0.45905834436416626,409.0,0.31806474924087524,,,,
1,200,0.1397966891527176,0.4524475932121277,441.0,0.3126509189605713,,,,
1,201,0.1508973091840744,0.46851152181625366,409.0,0.31761419773101807,,,,
1,202,0.14004749059677124,0.4121781587600708,424.0,0.27213066816329956,,,,
1,203,0.1450091153383255,0.43779683113098145,421.0,0.29278773069381714,,,,
1,204,0.15433205664157867,0.47095346450805664,397.0,0.31662142276763916,,,,
1,205,0.14887550473213196,0.45664000511169434,433.0,0.3077645003795624,,,,
1,206,0.1433190405368805,0.4270555377006531,415.0,0.2837364971637726,,,,
1,207,0.13647478818893433,0.43160781264305115,432.0,0.2951330244541168,,,,
1,208,0.14911727607250214,0.43822717666625977,419.0,0.2891099154949188,,,,
1,209,0.14772948622703552,0.4539315700531006,452.0,0.30620208382606506,,,,
1,210,0.13452893495559692,0.4019835293292999,414.0,0.267454594373703,,,,
1,211,0.15133661031723022,0.4759191870689392,409.0,0.324582576751709,,,,
1,212,0.14570778608322144,0.46266600489616394,445.0,0.3169582188129425,,,,
1,213,0.14313678443431854,0.43567991256713867,416.0,0.2925431430339813,,,,
1,214,0.14217770099639893,0.43436264991760254,455.0,0.2921849489212036,,,,
1,215,0.1569978892803192,0.47207990288734436,449.0,0.31508201360702515,,,,
1,216,0.13410525023937225,0.41328346729278564,471.0,0.2791782319545746,,,,
1,217,0.14119774103164673,0.47558537125587463,432.0,0.3343876302242279,,,,
1,218,0.13721728324890137,0.42851459980010986,453.0,0.2912973165512085,,,,
1,219,0.13789527118206024,0.43361562490463257,432.0,0.29572033882141113,,,,
1,220,0.15111380815505981,0.4503006637096405,431.0,0.2991868555545807,,,,
1,221,0.1409614533185959,0.44930386543273926,444.0,0.3083423972129822,,,,
1,222,0.14824771881103516,0.43624112010002136,468.0,0.2879934012889862,,,,
1,223,0.14185042679309845,0.45664238929748535,381.0,0.3147919476032257,,,,
1,223,,,,,0.2432028353214264,0.5588923692703247,247.14834594726562,0.3156895339488983
2,224,0.13280349969863892,0.43552789092063904,444.0,0.3027243912220001,,,,
2,225,0.14923255145549774,0.4437868595123291,446.0,0.29455432295799255,,,,
2,226,0.14089873433113098,0.46023795008659363,442.0,0.31933921575546265,,,,
2,227,0.1356782764196396,0.4421538710594177,455.0,0.30647560954093933,,,,
2,228,0.13413776457309723,0.44454312324523926,405.0,0.31040534377098083,,,,
2,229,0.134230837225914,0.4161379933357239,457.0,0.2819071412086487,,,,
2,230,0.13846388459205627,0.4340144693851471,466.0,0.2955505847930908,,,,
2,231,0.13822424411773682,0.42438986897468567,451.0,0.28616562485694885,,,,
2,232,0.1359066218137741,0.4287034273147583,428.0,0.292796790599823,,,,
2,233,0.1359802484512329,0.40172189474105835,435.0,0.26574164628982544,,,,
2,234,0.1430090069770813,0.4343835711479187,427.0,0.2913745641708374,,,,
2,235,0.13922898471355438,0.4176788330078125,416.0,0.2784498333930969,,,,
2,236,0.13410861790180206,0.3846653699874878,413.0,0.25055673718452454,,,,
2,237,0.14178462326526642,0.42291051149368286,394.0,0.28112590312957764,,,,
2,238,0.13979408144950867,0.44142287969589233,412.0,0.30162879824638367,,,,
2,239,0.13751418888568878,0.39449119567871094,382.0,0.25697699189186096,,,,
2,240,0.1345127820968628,0.4150368571281433,444.0,0.2805240750312805,,,,
2,241,0.13411708176136017,0.41222769021987915,413.0,0.2781106233596802,,,,
2,242,0.12965275347232819,0.451374351978302,457.0,0.3217215836048126,,,,
2,243,0.12525923550128937,0.40126317739486694,454.0,0.2760039269924164,,,,
2,244,0.12754416465759277,0.4311048090457916,436.0,0.30356064438819885,,,,
2,245,0.14199547469615936,0.42102861404418945,454.0,0.2790331244468689,,,,
2,246,0.14246059954166412,0.48595142364501953,418.0,0.3434908092021942,,,,
2,247,0.13644859194755554,0.41770169138908386,450.0,0.2812530994415283,,,,
2,248,0.14141075313091278,0.43793946504592896,437.0,0.29652872681617737,,,,
2,249,0.1321982592344284,0.43430018424987793,423.0,0.30210191011428833,,,,
2,250,0.14133310317993164,0.4267027974128723,446.0,0.2853696942329407,,,,
2,251,0.13897685706615448,0.4180629253387451,425.0,0.27908608317375183,,,,
2,252,0.13702203333377838,0.42292869091033936,413.0,0.28590667247772217,,,,
2,253,0.1455039083957672,0.4331398606300354,416.0,0.2876359522342682,,,,
2,254,0.1276831328868866,0.39780575037002563,475.0,0.27012261748313904,,,,
2,255,0.1299348771572113,0.39228805899620056,426.0,0.26235318183898926,,,,
2,256,0.13695791363716125,0.4026406705379486,449.0,0.26568275690078735,,,,
2,257,0.12665465474128723,0.3864337205886841,437.0,0.25977906584739685,,,,
2,258,0.14636549353599548,0.4911801815032959,459.0,0.3448146879673004,,,,
2,259,0.13354972004890442,0.4206845462322235,447.0,0.2871348261833191,,,,
2,260,0.13357460498809814,0.41251736879348755,402.0,0.2789427638053894,,,,
2,261,0.12807251513004303,0.3984750509262085,435.0,0.2704025208950043,,,,
2,262,0.1406378597021103,0.43570560216903687,432.0,0.29506775736808777,,,,
2,263,0.13336145877838135,0.44116467237472534,417.0,0.307803213596344,,,,
2,264,0.12549489736557007,0.3839622437953949,456.0,0.25846734642982483,,,,
2,265,0.12302141636610031,0.3877451717853546,463.0,0.2647237479686737,,,,
2,266,0.13009415566921234,0.43722784519195557,423.0,0.3071337044239044,,,,
2,267,0.13525070250034332,0.3982927203178406,419.0,0.26304203271865845,,,,
2,268,0.1335640400648117,0.42302215099334717,438.0,0.28945809602737427,,,,
2,269,0.13515588641166687,0.42069458961486816,419.0,0.2855387032032013,,,,
2,270,0.1309058964252472,0.43041664361953735,444.0,0.29951074719429016,,,,
2,271,0.1331995576620102,0.3742677867412567,446.0,0.24106822907924652,,,,
2,272,0.1337832510471344,0.40311816334724426,428.0,0.26933491230010986,,,,
2,273,0.13814599812030792,0.4121732711791992,406.0,0.2740272581577301,,,,
2,274,0.1363477110862732,0.39868274331092834,432.0,0.26233503222465515,,,,
2,275,0.14861975610256195,0.45239877700805664,378.0,0.3037790060043335,,,,
2,276,0.12652701139450073,0.4172661006450653,417.0,0.2907390892505646,,,,
2,277,0.132396399974823,0.39391273260116577,463.0,0.2615163326263428,,,,
2,278,0.13594351708889008,0.4195529818534851,438.0,0.28360944986343384,,,,
2,279,0.13938884437084198,0.44682031869888306,449.0,0.30743148922920227,,,,
2,280,0.12937670946121216,0.39007988572120667,447.0,0.2607031762599945,,,,
2,281,0.1340309977531433,0.41267529129981995,459.0,0.27864429354667664,,,,
2,282,0.13581351935863495,0.4197689890861511,465.0,0.283955454826355,,,,
2,283,0.13826696574687958,0.4203176498413086,422.0,0.2820506691932678,,,,
2,284,0.12645846605300903,0.3761451840400696,410.0,0.24968670308589935,,,,
2,285,0.1276438981294632,0.414939284324646,440.0,0.2872953712940216,,,,
2,286,0.1389576941728592,0.4098108410835266,473.0,0.2708531618118286,,,,
2,287,0.12232320010662079,0.4059990644454956,407.0,0.2836758494377136,,,,
2,288,0.12678708136081696,0.39851635694503784,413.0,0.2717292606830597,,,,
2,289,0.13892126083374023,0.4301687479019165,459.0,0.29124748706817627,,,,
2,290,0.12463217973709106,0.3816724717617035,447.0,0.2570402920246124,,,,
2,291,0.12863300740718842,0.3764512538909912,465.0,0.247818261384964,,,,
2,292,0.13651670515537262,0.42998337745666504,393.0,0.2934666872024536,,,,
2,293,0.12829677760601044,0.3994091749191284,417.0,0.2711123824119568,,,,
2,294,0.12744855880737305,0.3965202867984772,435.0,0.2690717279911041,,,,
2,295,0.12356897443532944,0.3783075213432312,461.0,0.25473853945732117,,,,
2,296,0.1271449476480484,0.4595513343811035,430.0,0.3324063718318939,,,,
2,297,0.13872922956943512,0.4386463165283203,460.0,0.299917072057724,,,,
2,298,0.12327001988887787,0.3842692971229553,443.0,0.26099926233291626,,,,
2,299,0.1250103861093521,0.3672790229320526,414.0,0.2422686368227005,,,,
2,300,0.13059616088867188,0.37867528200149536,427.0,0.2480791062116623,,,,
2,301,0.11949668079614639,0.3715732991695404,470.0,0.2520766258239746,,,,
2,302,0.1296125054359436,0.3769691288471222,438.0,0.2473566234111786,,,,
2,303,0.13677279651165009,0.4071212410926819,430.0,0.270348459482193,,,,
2,304,0.13763798773288727,0.42580223083496094,417.0,0.2881642282009125,,,,
2,305,0.13791733980178833,0.3902736306190491,451.0,0.25235629081726074,,,,
2,306,0.13450801372528076,0.40411168336868286,395.0,0.2696036696434021,,,,
2,307,0.1332320123910904,0.4098082184791565,433.0,0.2765762209892273,,,,
2,308,0.12953726947307587,0.458002507686615,445.0,0.32846522331237793,,,,
2,309,0.13078980147838593,0.39606040716171265,446.0,0.2652706205844879,,,,
2,310,0.13466814160346985,0.3967783451080322,423.0,0.2621102035045624,,,,
2,311,0.13324077427387238,0.3859582543373108,441.0,0.2527174949645996,,,,
2,312,0.13331645727157593,0.42246317863464355,451.0,0.2891467213630676,,,,
2,313,0.12815560400485992,0.390328049659729,431.0,0.2621724605560303,,,,
2,314,0.13993550837039948,0.42780929803848267,400.0,0.287873774766922,,,,
2,315,0.12601688504219055,0.3992084562778473,425.0,0.27319157123565674,,,,
2,316,0.12197122722864151,0.3716955780982971,432.0,0.2497243583202362,,,,
2,317,0.13117191195487976,0.3701608180999756,455.0,0.23898892104625702,,,,
2,318,0.1189173087477684,0.36020126938819885,417.0,0.24128395318984985,,,,
2,319,0.12544596195220947,0.386879026889801,432.0,0.26143306493759155,,,,
2,320,0.12314732372760773,0.39134788513183594,452.0,0.2682005763053894,,,,
2,321,0.12499679625034332,0.3710711598396301,410.0,0.2460743635892868,,,,
2,322,0.1263095736503601,0.37831488251686096,423.0,0.25200530886650085,,,,
2,323,0.1195511668920517,0.4037620425224304,442.0,0.2842108905315399,,,,
2,324,0.12760379910469055,0.3775656819343567,448.0,0.24996189773082733,,,,
2,325,0.13022014498710632,0.39817896485328674,425.0,0.2679588198661804,,,,
2,326,0.126102477312088,0.43250229954719543,439.0,0.3063998222351074,,,,
2,327,0.13209621608257294,0.45403820276260376,447.0,0.321942001581192,,,,
2,328,0.12381786108016968,0.3763287365436554,411.0,0.2525108754634857,,,,
2,329,0.12635506689548492,0.38764435052871704,423.0,0.2612892687320709,,,,
2,330,0.1341954618692398,0.3877495527267456,440.0,0.2535540759563446,,,,
2,331,0.1256248503923416,0.3896545171737671,435.0,0.26402968168258667,,,,
2,332,0.1261657178401947,0.3872416019439697,406.0,0.261075884103775,,,,
2,333,0.12040048092603683,0.35321253538131714,443.0,0.2328120470046997,,,,
2,334,0.1322534829378128,0.4157872796058655,421.0,0.2835337817668915,,,,
2,335,0.1343756914138794,0.44400376081466675,365.0,0.30962806940078735,,,,
2,335,,,,,0.23277141153812408,0.5161798000335693,247.14834594726562,0.28340837359428406
3,336,0.12626956403255463,0.4027518033981323,438.0,0.2764822244644165,,,,
3,337,0.12165485322475433,0.3535870313644409,435.0,0.2319321632385254,,,,
3,338,0.11724288016557693,0.41073814034461975,447.0,0.2934952676296234,,,,
3,339,0.13186265528202057,0.4454909563064575,404.0,0.31362831592559814,,,,
3,340,0.133861243724823,0.3952234983444214,399.0,0.2613622546195984,,,,
3,341,0.132216677069664,0.4081290364265442,425.0,0.2759123742580414,,,,
3,342,0.12435424327850342,0.38991081714630127,426.0,0.26555657386779785,,,,
3,343,0.12579236924648285,0.3712283968925476,497.0,0.24543604254722595,,,,
3,344,0.12763968110084534,0.389356791973114,458.0,0.2617171108722687,,,,
3,345,0.1298508197069168,0.41758549213409424,489.0,0.2877346873283386,,,,
3,346,0.12930229306221008,0.4014821946620941,440.0,0.27217990159988403,,,,
3,347,0.13031472265720367,0.386833131313324,439.0,0.2565183937549591,,,,
3,348,0.1255200058221817,0.39355218410491943,424.0,0.26803216338157654,,,,
3,349,0.12665018439292908,0.3809642195701599,420.0,0.25431403517723083,,,,
3,350,0.1258714199066162,0.37937039136886597,460.0,0.25349897146224976,,,,
3,351,0.11732558906078339,0.3597956895828247,462.0,0.24247010052204132,,,,
3,352,0.11896432191133499,0.3696044981479645,438.0,0.2506401836872101,,,,
3,353,0.12250889092683792,0.3952029049396515,433.0,0.27269402146339417,,,,
3,354,0.13575689494609833,0.3983238935470581,446.0,0.26256701350212097,,,,
3,355,0.12411012500524521,0.3875090777873993,444.0,0.2633989453315735,,,,
3,356,0.12270765006542206,0.3773702383041382,427.0,0.25466257333755493,,,,
3,357,0.12363950908184052,0.3864344358444214,412.0,0.26279494166374207,,,,
3,358,0.12073631584644318,0.3487347960472107,470.0,0.22799846529960632,,,,
3,359,0.12051717936992645,0.38717830181121826,432.0,0.266661137342453,,,,
3,360,0.12086496502161026,0.3812749683856964,419.0,0.26041001081466675,,,,
3,361,0.12112396210432053,0.3564196228981018,442.0,0.23529565334320068,,,,
3,362,0.13066627085208893,0.3955995440483093,420.0,0.2649332582950592,,,,
3,363,0.12268538028001785,0.42525580525398254,437.0,0.3025704324245453,,,,
3,364,0.1213555634021759,0.36029666662216187,470.0,0.23894110321998596,,,,
3,365,0.1174464300274849,0.3644947409629822,438.0,0.24704831838607788,,,,
3,366,0.12260819226503372,0.3921685218811035,413.0,0.2695603370666504,,,,
3,367,0.13198791444301605,0.3975779414176941,423.0,0.26559004187583923,,,,
3,368,0.12125089019536972,0.3724081516265869,429.0,0.2511572539806366,,,,
3,369,0.1294451355934143,0.39354240894317627,422.0,0.26409727334976196,,,,
3,370,0.11940809339284897,0.4003218114376068,430.0,0.28091371059417725,,,,
3,371,0.1277349442243576,0.3982083201408386,428.0,0.2704733610153198,,,,
3,372,0.12297188490629196,0.3654834032058716,443.0,0.24251151084899902,,,,
3,373,0.11807979643344879,0.35755372047424316,427.0,0.23947390913963318,,,,
3,374,0.11729152500629425,0.3751768469810486,429.0,0.2578853368759155,,,,
3,375,0.11971847712993622,0.35831910371780396,440.0,0.23860064148902893,,,,
3,376,0.13276316225528717,0.42136305570602417,467.0,0.2885999083518982,,,,
3,377,0.1303817629814148,0.3837021589279175,405.0,0.2533203959465027,,,,
3,378,0.12163995951414108,0.3669811487197876,424.0,0.2453411966562271,,,,
3,379,0.12052205204963684,0.39317312836647034,410.0,0.2726510763168335,,,,
3,380,0.1231759712100029,0.366113543510437,449.0,0.24293756484985352,,,,
3,381,0.13491763174533844,0.4140913486480713,416.0,0.27917370200157166,,,,
3,382,0.12690240144729614,0.3776731789112091,432.0,0.25077077746391296,,,,
3,383,0.1268133521080017,0.3798930048942566,381.0,0.2530796527862549,,,,
3,384,0.12525396049022675,0.3996465802192688,447.0,0.27439260482788086,,,,
3,385,0.12048894912004471,0.4282187521457672,430.0,0.3077298104763031,,,,
3,386,0.12058804929256439,0.37606096267700195,423.0,0.25547289848327637,,,,
3,387,0.11785034090280533,0.39047881960868835,450.0,0.2726284861564636,,,,
3,388,0.12607112526893616,0.38572758436203003,433.0,0.25965645909309387,,,,
3,389,0.12490437179803848,0.3963932693004608,429.0,0.27148890495300293,,,,
3,390,0.12075403332710266,0.37154820561408997,425.0,0.2507941722869873,,,,
3,391,0.11112658679485321,0.3444756269454956,423.0,0.2333490550518036,,,,
3,392,0.1296522617340088,0.4063722491264343,411.0,0.27671998739242554,,,,
3,393,0.1232948824763298,0.3760952353477478,443.0,0.2528003454208374,,,,
3,394,0.12530145049095154,0.38064032793045044,423.0,0.2553388774394989,,,,
3,395,0.13885584473609924,0.4112232029438019,459.0,0.27236735820770264,,,,
3,396,0.11752205342054367,0.3477120101451874,451.0,0.2301899492740631,,,,
3,397,0.11691783368587494,0.3586035370826721,449.0,0.24168570339679718,,,,
3,398,0.11969391256570816,0.3596190810203552,409.0,0.23992517590522766,,,,
3,399,0.12026320397853851,0.3751283884048462,428.0,0.2548651695251465,,,,
3,400,0.11413110792636871,0.3628646731376648,422.0,0.2487335503101349,,,,
3,401,0.11684373766183853,0.36083534359931946,453.0,0.24399159848690033,,,,
3,402,0.12530803680419922,0.38002750277519226,437.0,0.25471946597099304,,,,
3,403,0.12087011337280273,0.40112510323524475,453.0,0.280254989862442,,,,
3,404,0.12498783320188522,0.3893425166606903,470.0,0.2643546760082245,,,,
3,405,0.11242732405662537,0.35849523544311523,466.0,0.24606791138648987,,,,
3,406,0.114625483751297,0.34483247995376587,462.0,0.23020701110363007,,,,
3,407,0.1278017908334732,0.40017253160476685,431.0,0.27237072587013245,,,,
3,408,0.12097746133804321,0.36957550048828125,434.0,0.24859803915023804,,,,
3,409,0.1298007220029831,0.4020269513130188,439.0,0.2722262442111969,,,,
3,410,0.11928325891494751,0.35928916931152344,406.0,0.24000592529773712,,,,
3,411,0.12542229890823364,0.3612854778766632,418.0,0.23586317896842957,,,,
3,412,0.12107845395803452,0.3861449360847473,466.0,0.2650664746761322,,,,
3,413,0.10806376487016678,0.41400840878486633,454.0,0.30594465136528015,,,,
3,414,0.11741738766431808,0.3644959032535553,457.0,0.2470785230398178,,,,
3,415,0.1269296556711197,0.37743014097213745,475.0,0.25050047039985657,,,,
3,416,0.12075579911470413,0.36576464772224426,438.0,0.24500884115695953,,,,
3,417,0.12204106152057648,0.4197193384170532,409.0,0.29767826199531555,,,,
3,418,0.1172303855419159,0.3499329090118408,425.0,0.23270250856876373,,,,
3,419,0.1248747780919075,0.3977101147174835,462.0,0.2728353440761566,,,,
3,420,0.12206965684890747,0.3824441432952881,446.0,0.2603744864463806,,,,
3,421,0.12543897330760956,0.4162174463272095,409.0,0.2907784581184387,,,,
3,422,0.11877737939357758,0.34840914607048035,427.0,0.22963176667690277,,,,
3,423,0.12002106010913849,0.35769182443618774,425.0,0.23767076432704926,,,,
3,424,0.10892271250486374,0.3965170681476593,413.0,0.28759434819221497,,,,
3,425,0.12331709265708923,0.4347783029079437,456.0,0.3114612102508545,,,,
3,426,0.12295519560575485,0.37298813462257385,445.0,0.2500329315662384,,,,
3,427,0.11890960484743118,0.40117985010147095,428.0,0.28227025270462036,,,,
3,428,0.1190965548157692,0.3428768813610077,423.0,0.2237803339958191,,,,
3,429,0.1223079264163971,0.3629452884197235,438.0,0.24063736200332642,,,,
3,430,0.11504321545362473,0.35300537943840027,462.0,0.23796215653419495,,,,
3,431,0.12354405224323273,0.36583682894706726,426.0,0.24229277670383453,,,,
3,432,0.11536561697721481,0.3762322664260864,428.0,0.260866641998291,,,,
3,433,0.11158667504787445,0.34260016679763794,437.0,0.2310134768486023,,,,
3,434,0.11886674165725708,0.3646390438079834,461.0,0.24577228724956512,,,,
3,435,0.12399303168058395,0.37294378876686096,430.0,0.2489507496356964,,,,
3,436,0.12097786366939545,0.35905593633651733,448.0,0.2380780577659607,,,,
3,437,0.10978438705205917,0.37088900804519653,457.0,0.26110461354255676,,,,
3,438,0.12610605359077454,0.38223889470100403,462.0,0.2561328411102295,,,,
3,439,0.1159963384270668,0.36256346106529236,454.0,0.24656713008880615,,,,
3,440,0.1305309683084488,0.38191866874694824,447.0,0.25138768553733826,,,,
3,441,0.11219862848520279,0.34846827387809753,425.0,0.23626963794231415,,,,
3,442,0.1087060198187828,0.35535234212875366,437.0,0.24664631485939026,,,,
3,443,0.11391361802816391,0.3324001729488373,407.0,0.21848656237125397,,,,
3,444,0.11160506308078766,0.33798739314079285,443.0,0.2263823300600052,,,,
3,445,0.11749658733606339,0.3580400347709656,400.0,0.2405434548854828,,,,
3,446,0.1157146766781807,0.368358314037323,405.0,0.2526436448097229,,,,
3,447,0.12345808744430542,0.3724636733531952,355.0,0.24900558590888977,,,,
3,447,,,,,0.22551977634429932,0.48641180992126465,247.14834594726562,0.2608921229839325
4,448,0.11465651541948318,0.3556351363658905,420.0,0.24097862839698792,,,,
4,449,0.11643517762422562,0.3704281151294708,435.0,0.2539929449558258,,,,
4,450,0.12356306612491608,0.413509726524353,441.0,0.28994667530059814,,,,
4,451,0.11772656440734863,0.38401517271995544,442.0,0.2662886083126068,,,,
4,452,0.11434690654277802,0.3755132555961609,435.0,0.26116636395454407,,,,
4,453,0.11561570316553116,0.37952762842178345,454.0,0.2639119327068329,,,,
4,454,0.11892677843570709,0.3728722333908081,436.0,0.2539454400539398,,,,
4,455,0.12540790438652039,0.3939749300479889,486.0,0.2685670256614685,,,,
4,456,0.12109962105751038,0.37103766202926636,414.0,0.2499380260705948,,,,
4,457,0.11817662417888641,0.3646489083766937,456.0,0.2464722841978073,,,,
4,458,0.11709761619567871,0.34310877323150635,449.0,0.22601115703582764,,,,
4,459,0.11113382875919342,0.3918263912200928,420.0,0.28069257736206055,,,,
4,460,0.12313126027584076,0.39161938428878784,407.0,0.2684881389141083,,,,
4,461,0.1120401993393898,0.3518294394016266,479.0,0.2397892326116562,,,,
4,462,0.1315927803516388,0.43427690863609314,466.0,0.30268412828445435,,,,
4,463,0.11399764567613602,0.3423711061477661,417.0,0.2283734530210495,,,,
4,464,0.12840835750102997,0.38607990741729736,449.0,0.2576715648174286,,,,
4,465,0.1267879754304886,0.37404537200927734,396.0,0.24725739657878876,,,,
4,466,0.11838999390602112,0.3845181167125702,436.0,0.2661281228065491,,,,
4,467,0.10502124577760696,0.33623552322387695,470.0,0.2312142699956894,,,,
4,468,0.10957271605730057,0.4560631513595581,408.0,0.34649044275283813,,,,
4,469,0.12542103230953217,0.39318931102752686,421.0,0.2677682638168335,,,,
4,470,0.12162383645772934,0.36762455105781555,428.0,0.2460007220506668,,,,
4,471,0.12576374411582947,0.4094902276992798,450.0,0.2837264835834503,,,,
4,472,0.12399546056985855,0.37812361121177673,446.0,0.2541281580924988,,,,
4,473,0.12005040794610977,0.36626142263412476,452.0,0.24621102213859558,,,,
4,474,0.10898477584123611,0.3555629253387451,424.0,0.2465781569480896,,,,
4,475,0.12487181276082993,0.379164457321167,421.0,0.25429263710975647,,,,
4,476,0.10533639043569565,0.3481597900390625,446.0,0.24282340705394745,,,,
4,477,0.1133137121796608,0.3445744514465332,420.0,0.231260746717453,,,,
4,478,0.11260063201189041,0.353514164686203,436.0,0.2409135401248932,,,,
4,479,0.11302881687879562,0.3516068756580353,453.0,0.23857805132865906,,,,
4,480,0.11496791243553162,0.35991787910461426,452.0,0.24494995176792145,,,,
4,481,0.10653163492679596,0.3205104470252991,440.0,0.2139788269996643,,,,
4,482,0.11108388006687164,0.35231685638427734,442.0,0.2412329614162445,,,,
4,483,0.11306227743625641,0.3315907120704651,452.0,0.21852844953536987,,,,
4,484,0.1158299446105957,0.34914731979370117,451.0,0.23331737518310547,,,,
4,485,0.11536377668380737,0.36170148849487305,427.0,0.24633772671222687,,,,
4,486,0.11272329837083817,0.35856756567955017,417.0,0.2458442747592926,,,,
4,487,0.1142294704914093,0.3700709044933319,419.0,0.2558414340019226,,,,
4,488,0.1264345347881317,0.39636874198913574,477.0,0.26993420720100403,,,,
4,489,0.11530639976263046,0.36008739471435547,451.0,0.2447810024023056,,,,
4,490,0.11246100068092346,0.35039621591567993,425.0,0.23793520033359528,,,,
4,491,0.10757020115852356,0.3483562469482422,447.0,0.24078604578971863,,,,
4,492,0.1131761223077774,0.3423869013786316,399.0,0.2292107790708542,,,,
4,493,0.12370190769433975,0.3712614178657532,417.0,0.24755951762199402,,,,
4,494,0.11224718391895294,0.34141331911087036,442.0,0.22916612029075623,,,,
4,495,0.11583618074655533,0.34633785486221313,462.0,0.2305016666650772,,,,
4,496,0.10266514867544174,0.33297890424728394,420.0,0.2303137630224228,,,,
4,497,0.11557789891958237,0.33954092860221863,445.0,0.22396302223205566,,,,
4,498,0.11139523237943649,0.33978378772735596,444.0,0.22838854789733887,,,,
4,499,0.11747993528842926,0.3808279037475586,422.0,0.2633479833602905,,,,
4,500,0.1101977527141571,0.34207624197006226,472.0,0.23187850415706635,,,,
4,501,0.11197677999734879,0.34743043780326843,445.0,0.23545366525650024,,,,
4,502,0.11792699247598648,0.35942286252975464,441.0,0.24149586260318756,,,,
4,503,0.1172565296292305,0.3499348759651184,411.0,0.2326783537864685,,,,
4,504,0.11711347103118896,0.39167270064353943,446.0,0.27455922961235046,,,,
4,505,0.10838258266448975,0.3575264811515808,427.0,0.24914389848709106,,,,
4,506,0.11148718744516373,0.3603350818157196,410.0,0.24884790182113647,,,,
4,507,0.1085338220000267,0.34606149792671204,463.0,0.23752768337726593,,,,
4,508,0.10932787507772446,0.3547007739543915,465.0,0.24537290632724762,,,,
4,509,0.1128038689494133,0.35359451174736023,437.0,0.24079065024852753,,,,
4,510,0.11854518949985504,0.352875292301178,427.0,0.23433011770248413,,,,
4,511,0.10448090732097626,0.3753833770751953,444.0,0.27090248465538025,,,,
4,512,0.11401880532503128,0.34383153915405273,420.0,0.22981274127960205,,,,
4,513,0.10802518576383591,0.32854732871055603,474.0,0.22052215039730072,,,,
4,514,0.10244979709386826,0.32328519225120544,438.0,0.2208353877067566,,,,
4,515,0.10981334000825882,0.33497366309165955,463.0,0.22516033053398132,,,,
4,516,0.10938188433647156,0.3441203236579895,462.0,0.23473842442035675,,,,
4,517,0.10727693885564804,0.3165718913078308,410.0,0.20929495990276337,,,,
4,518,0.11393773555755615,0.34985965490341187,421.0,0.23592190444469452,,,,
4,519,0.10426238924264908,0.3771612048149109,415.0,0.2728988230228424,,,,
4,520,0.10796768963336945,0.37145060300827026,425.0,0.2634828984737396,,,,
4,521,0.10922989249229431,0.3576700687408447,447.0,0.24844017624855042,,,,
4,522,0.1170976385474205,0.35704305768013,436.0,0.2399454265832901,,,,
4,523,0.10961108654737473,0.33190542459487915,442.0,0.22229433059692383,,,,
4,524,0.10737632215023041,0.3157119154930115,429.0,0.20833560824394226,,,,
4,525,0.11284363269805908,0.321454793214798,372.0,0.2086111605167389,,,,
4,526,0.10788978636264801,0.34428122639656067,449.0,0.23639144003391266,,,,
4,527,0.11467424780130386,0.3379242420196533,454.0,0.22324998676776886,,,,
4,528,0.11080796271562576,0.3484344184398651,421.0,0.23762644827365875,,,,
4,529,0.10653906315565109,0.35181093215942383,460.0,0.24527186155319214,,,,
4,530,0.11741066724061966,0.36104175448417664,435.0,0.24363107979297638,,,,
4,531,0.12242266535758972,0.39258715510368347,459.0,0.27016448974609375,,,,
4,532,0.11277856677770615,0.35846516489982605,416.0,0.2456866055727005,,,,
4,533,0.11168085783720016,0.3487369418144226,440.0,0.23705609142780304,,,,
4,534,0.1099390909075737,0.33898013830184937,451.0,0.22904105484485626,,,,
4,535,0.11299536377191544,0.349467009305954,432.0,0.23647163808345795,,,,
4,536,0.1121191456913948,0.34682634472846985,449.0,0.23470720648765564,,,,
4,537,0.11630181968212128,0.3644913136959076,428.0,0.24818949401378632,,,,
4,538,0.1126829981803894,0.3893795311450958,484.0,0.2766965329647064,,,,
4,539,0.10974545776844025,0.3380950093269348,455.0,0.22834955155849457,,,,
4,540,0.10924560576677322,0.37967559695243835,436.0,0.2704299986362457,,,,
4,541,0.11505760997533798,0.35781437158584595,414.0,0.24275676906108856,,,,
4,542,0.11537007987499237,0.368621289730072,414.0,0.25325122475624084,,,,
4,543,0.10868892073631287,0.3335863947868347,449.0,0.22489748895168304,,,,
4,544,0.11132466793060303,0.3358622193336487,431.0,0.22453756630420685,,,,
4,545,0.1151638776063919,0.36681628227233887,437.0,0.25165238976478577,,,,
4,546,0.10774031281471252,0.3396177589893341,432.0,0.23187744617462158,,,,
4,547,0.12322377413511276,0.3761117160320282,410.0,0.25288793444633484,,,,
4,548,0.10904538631439209,0.33611202239990234,460.0,0.22706662118434906,,,,
4,549,0.11842471361160278,0.3717045187950134,446.0,0.25327980518341064,,,,
4,550,0.10796310752630234,0.3376927077770233,440.0,0.22972959280014038,,,,
4,551,0.11069214344024658,0.35125046968460083,433.0,0.24055832624435425,,,,
4,552,0.1189064085483551,0.3534833490848541,422.0,0.23457694053649902,,,,
4,553,0.10325796157121658,0.3273572027683258,448.0,0.22409924864768982,,,,
4,554,0.10826896131038666,0.35310953855514526,393.0,0.2448405772447586,,,,
4,555,0.1190214604139328,0.3676552176475525,479.0,0.24863377213478088,,,,
4,556,0.11934692412614822,0.370575487613678,426.0,0.25122857093811035,,,,
4,557,0.11814743280410767,0.33892035484313965,412.0,0.22077293694019318,,,,
4,558,0.11007282882928848,0.3756033480167389,449.0,0.265530526638031,,,,
4,559,0.11233258247375488,0.3346948027610779,339.0,0.2223622351884842,,,,
4,559,,,,,0.21840737760066986,0.4726162552833557,247.14834594726562,0.25420886278152466
5,560,0.11081143468618393,0.340251624584198,445.0,0.22944018244743347,,,,
5,561,0.11478918790817261,0.3465762734413147,429.0,0.2317870855331421,,,,
5,562,0.11399374157190323,0.34788045287132263,431.0,0.23388671875,,,,
5,563,0.10374815762042999,0.33890968561172485,451.0,0.23516151309013367,,,,
5,564,0.11137298494577408,0.3480784595012665,410.0,0.2367054671049118,,,,
5,565,0.1111501157283783,0.3358672857284546,425.0,0.2247171550989151,,,,
5,566,0.11026883870363235,0.35398298501968384,419.0,0.2437141388654709,,,,
5,567,0.11634953320026398,0.3464447855949402,453.0,0.2300952523946762,,,,
5,568,0.12079545110464096,0.39417213201522827,444.0,0.2733766734600067,,,,
5,569,0.10789639502763748,0.32584241032600403,466.0,0.21794602274894714,,,,
5,570,0.10290711373090744,0.3313545882701874,428.0,0.22844746708869934,,,,
5,571,0.1067056730389595,0.3414328396320343,434.0,0.2347271740436554,,,,
5,572,0.11129970103502274,0.34766140580177307,425.0,0.23636171221733093,,,,
5,573,0.12096308916807175,0.39145269989967346,454.0,0.2704896032810211,,,,
5,574,0.10645458847284317,0.3335075378417969,415.0,0.2270529419183731,,,,
5,575,0.11325214058160782,0.35187026858329773,416.0,0.23861812055110931,,,,
5,576,0.10471878200769424,0.3667598366737366,456.0,0.2620410621166229,,,,
5,577,0.11588311940431595,0.3862353265285492,428.0,0.27035221457481384,,,,
5,578,0.1011817529797554,0.3557334840297699,427.0,0.2545517385005951,,,,
5,579,0.10735004395246506,0.3319149613380432,432.0,0.22456490993499756,,,,
5,580,0.1094031035900116,0.33638229966163635,441.0,0.22697919607162476,,,,
5,581,0.10651778429746628,0.3214074373245239,448.0,0.21488966047763824,,,,
5,582,0.11272141337394714,0.35489633679389954,419.0,0.2421749234199524,,,,
5,583,0.1194210946559906,0.37299439311027527,411.0,0.25357329845428467,,,,
5,584,0.1121288612484932,0.37680497765541077,439.0,0.26467612385749817,,,,
5,585,0.11655376851558685,0.36941707134246826,415.0,0.2528632879257202,,,,
5,586,0.11318720132112503,0.35433030128479004,405.0,0.2411430925130844,,,,
5,587,0.10132651031017303,0.3324322998523712,463.0,0.23110578954219818,,,,
5,588,0.1072978526353836,0.3302518129348755,450.0,0.22295397520065308,,,,
5,589,0.10641255974769592,0.31688523292541504,403.0,0.2104726880788803,,,,
5,590,0.10529682040214539,0.3363541066646576,427.0,0.2310572862625122,,,,
5,591,0.11328019201755524,0.357734739780426,433.0,0.2444545477628708,,,,
5,592,0.1079297885298729,0.3387484848499298,461.0,0.2308187037706375,,,,
5,593,0.11372150480747223,0.32656437158584595,456.0,0.21284285187721252,,,,
5,594,0.1218036562204361,0.3873438239097595,435.0,0.2655401825904846,,,,
5,595,0.11898995190858841,0.35636502504348755,411.0,0.23737506568431854,,,,
5,596,0.11153215169906616,0.34458523988723755,408.0,0.23305310308933258,,,,
5,597,0.10529286414384842,0.3306410014629364,462.0,0.22534814476966858,,,,
5,598,0.12172141671180725,0.3782925605773926,442.0,0.2565711438655853,,,,
5,599,0.11330629140138626,0.34967392683029175,433.0,0.23636764287948608,,,,
5,600,0.11354632675647736,0.3594691753387451,380.0,0.24592286348342896,,,,
5,601,0.1045726090669632,0.32237428426742554,421.0,0.21780167520046234,,,,
5,602,0.1104191318154335,0.35328155755996704,441.0,0.24286241829395294,,,,
5,603,0.11176785081624985,0.34064358472824097,399.0,0.22887574136257172,,,,
5,604,0.10915480554103851,0.34162071347236633,437.0,0.23246590793132782,,,,
5,605,0.11446679383516312,0.3478783965110779,444.0,0.23341159522533417,,,,
5,606,0.1058528944849968,0.34687063097953796,460.0,0.24101774394512177,,,,
5,607,0.09849303215742111,0.33685633540153503,414.0,0.23836329579353333,,,,
5,608,0.11235852539539337,0.34211626648902893,420.0,0.22975774109363556,,,,
5,609,0.11011145263910294,0.35330986976623535,405.0,0.243198424577713,,,,
5,610,0.10737411677837372,0.3411600887775421,416.0,0.2337859719991684,,,,
5,611,0.10740090161561966,0.3327200710773468,428.0,0.22531916201114655,,,,
5,612,0.10812222212553024,0.3519582152366638,439.0,0.24383600056171417,,,,
5,613,0.10873360186815262,0.3506762981414795,415.0,0.24194270372390747,,,,
5,614,0.11020590364933014,0.39832818508148193,456.0,0.288122296333313,,,,
5,615,0.10425800830125809,0.3249381482601166,442.0,0.2206801474094391,,,,
5,616,0.1129864826798439,0.3844565749168396,452.0,0.2714700996875763,,,,
5,617,0.10406111180782318,0.3376685678958893,417.0,0.2336074560880661,,,,
5,618,0.10635603219270706,0.32759347558021545,472.0,0.221237450838089,,,,
5,619,0.11760711669921875,0.39575403928756714,388.0,0.2781469225883484,,,,
5,620,0.10628929734230042,0.33154749870300293,441.0,0.2252582162618637,,,,
5,621,0.12273722887039185,0.38073739409446716,413.0,0.2580001652240753,,,,
5,622,0.1098412573337555,0.3359365463256836,456.0,0.2260952740907669,,,,
5,623,0.10124525427818298,0.3277433514595032,503.0,0.226498082280159,,,,
5,624,0.10424088686704636,0.3526628613471985,457.0,0.24842198193073273,,,,
5,625,0.10553799569606781,0.3812151551246643,465.0,0.2756771445274353,,,,
5,626,0.1059168204665184,0.3272508978843689,423.0,0.2213340848684311,,,,
5,627,0.10298637300729752,0.34122684597969055,456.0,0.23824048042297363,,,,
5,628,0.101384237408638,0.35423743724823,401.0,0.2528531849384308,,,,
5,629,0.11176615208387375,0.3767754137516022,453.0,0.2650092542171478,,,,
5,630,0.11175349354743958,0.35768288373947144,433.0,0.24592940509319305,,,,
5,631,0.10786713659763336,0.34330645203590393,415.0,0.23543931543827057,,,,
5,632,0.11391263455152512,0.3541494309902191,469.0,0.2402367889881134,,,,
5,633,0.11025316268205643,0.3540348410606384,418.0,0.2437816858291626,,,,
5,634,0.10016636550426483,0.3169455826282501,455.0,0.2167792171239853,,,,
5,635,0.11280889064073563,0.3627488613128662,402.0,0.24993996322155,,,,
5,636,0.1052333191037178,0.33436402678489685,430.0,0.22913070023059845,,,,
5,637,0.10778731852769852,0.33358636498451233,438.0,0.22579903900623322,,,,
5,638,0.12125583738088608,0.40479913353919983,451.0,0.28354328870773315,,,,
5,639,0.11016546189785004,0.3444502353668213,411.0,0.23428475856781006,,,,
5,640,0.10792604833841324,0.3447097837924957,448.0,0.23678374290466309,,,,
5,641,0.10616111755371094,0.3383784294128418,390.0,0.23221731185913086,,,,
5,642,0.10967844724655151,0.34546881914138794,443.0,0.23579037189483643,,,,
5,643,0.11179646849632263,0.34539490938186646,454.0,0.23359842598438263,,,,
5,644,0.10954020917415619,0.34226739406585693,442.0,0.23272718489170074,,,,
5,645,0.10210730880498886,0.3308619260787964,422.0,0.22875462472438812,,,,
5,646,0.10770446807146072,0.3714032769203186,448.0,0.2636988162994385,,,,
5,647,0.10750024765729904,0.32540106773376465,408.0,0.2179008275270462,,,,
5,648,0.10186615586280823,0.37917307019233704,379.0,0.2773069143295288,,,,
5,649,0.10469527542591095,0.3302653431892395,436.0,0.22557008266448975,,,,
5,650,0.11034564673900604,0.33620670437812805,435.0,0.225861057639122,,,,
5,651,0.11459019035100937,0.33358266949653625,438.0,0.21899248659610748,,,,
5,652,0.10980580002069473,0.3396388292312622,458.0,0.22983303666114807,,,,
5,653,0.10731160640716553,0.3146761655807495,424.0,0.2073645442724228,,,,
5,654,0.11109424382448196,0.33937907218933105,450.0,0.2282848209142685,,,,
5,655,0.109257273375988,0.3256024718284607,430.0,0.21634520590305328,,,,
5,656,0.1031683087348938,0.31913718581199646,453.0,0.21596887707710266,,,,
5,657,0.10180731117725372,0.3302936851978302,437.0,0.22848637402057648,,,,
5,658,0.1088501438498497,0.33239418268203735,423.0,0.22354403138160706,,,,
5,659,0.11376635730266571,0.3405775725841522,432.0,0.2268112152814865,,,,
5,660,0.10716447234153748,0.35898056626319885,420.0,0.2518160939216614,,,,
5,661,0.10207017511129379,0.34971484541893005,435.0,0.24764467775821686,,,,
5,662,0.10098432749509811,0.3574351370334625,410.0,0.2564508020877838,,,,
5,663,0.1105644553899765,0.38506513833999634,385.0,0.27450069785118103,,,,
5,664,0.10162041336297989,0.33497798442840576,444.0,0.23335757851600647,,,,
5,665,0.10629356652498245,0.31940680742263794,406.0,0.2131132334470749,,,,
5,666,0.10713446140289307,0.3231787085533142,458.0,0.21604423224925995,,,,
5,667,0.10656864941120148,0.3308967351913452,440.0,0.22432808578014374,,,,
5,668,0.10423533618450165,0.32934892177581787,435.0,0.22511357069015503,,,,
5,669,0.09784126281738281,0.3200570046901703,431.0,0.22221574187278748,,,,
5,670,0.11307694762945175,0.3592018485069275,443.0,0.24612489342689514,,,,
5,671,0.11720743775367737,0.42155721783638,368.0,0.30434978008270264,,,,
5,671,,,,,0.21222582459449768,0.452725887298584,247.14834594726562,0.24049997329711914
6,672,0.11370451003313065,0.37524160742759705,439.0,0.261537104845047,,,,
6,673,0.10826099663972855,0.36908674240112305,436.0,0.2608257532119751,,,,
6,674,0.1086936667561531,0.33416056632995605,437.0,0.22546689212322235,,,,
6,675,0.11198249459266663,0.34409579634666443,424.0,0.2321133017539978,,,,
6,676,0.0987144187092781,0.3424355089664459,477.0,0.24372108280658722,,,,
6,677,0.10069695115089417,0.3049584627151489,457.0,0.20426149666309357,,,,
6,678,0.11250727623701096,0.3567940294742584,426.0,0.24428676068782806,,,,
6,679,0.11092846095561981,0.34570345282554626,446.0,0.23477499186992645,,,,
6,680,0.10782699286937714,0.327337384223938,441.0,0.21951037645339966,,,,
6,681,0.09808460623025894,0.3178601562976837,447.0,0.21977554261684418,,,,
6,682,0.10071107000112534,0.30111438035964966,445.0,0.20040331780910492,,,,
6,683,0.09907770901918411,0.30655497312545776,438.0,0.20747725665569305,,,,
6,684,0.10693196952342987,0.3393405079841614,423.0,0.2324085533618927,,,,
6,685,0.10792894661426544,0.3398524820804596,445.0,0.23192353546619415,,,,
6,686,0.10194367915391922,0.3235248029232025,435.0,0.2215811163187027,,,,
6,687,0.10460501909255981,0.3613247871398926,412.0,0.25671976804733276,,,,
6,688,0.10770826786756516,0.3472462296485901,483.0,0.23953795433044434,,,,
6,689,0.10648930817842484,0.3256480097770691,415.0,0.21915869414806366,,,,
6,690,0.1037360429763794,0.3419860005378723,447.0,0.23824995756149292,,,,
6,691,0.11327110230922699,0.33981478214263916,426.0,0.22654367983341217,,,,
6,692,0.10806427896022797,0.36662793159484863,413.0,0.25856366753578186,,,,
6,693,0.10548004508018494,0.35551467537879944,451.0,0.2500346302986145,,,,
6,694,0.0920059010386467,0.32702162861824036,442.0,0.23501573503017426,,,,
6,695,0.10670176148414612,0.35593265295028687,436.0,0.24923089146614075,,,,
6,696,0.10338404774665833,0.38385841250419617,425.0,0.28047436475753784,,,,
6,697,0.10800768435001373,0.3402516841888428,467.0,0.23224398493766785,,,,
6,698,0.10283180326223373,0.35955697298049927,464.0,0.25672516226768494,,,,
6,699,0.09786687791347504,0.318774938583374,449.0,0.220908060669899,,,,
6,700,0.11365525424480438,0.3540012836456299,402.0,0.2403460294008255,,,,
6,701,0.10565052181482315,0.31673571467399597,455.0,0.21108518540859222,,,,
6,702,0.10127119719982147,0.33717530965805054,460.0,0.23590411245822906,,,,
6,703,0.10720839351415634,0.3752821087837219,437.0,0.268073707818985,,,,
6,704,0.10305038839578629,0.32500743865966797,417.0,0.22195705771446228,,,,
6,705,0.1010749340057373,0.3345015048980713,420.0,0.23342658579349518,,,,
6,706,0.11157979816198349,0.36460334062576294,458.0,0.25302353501319885,,,,
6,707,0.10353276133537292,0.3248230218887329,415.0,0.22129026055335999,,,,
6,708,0.11495107412338257,0.3422203063964844,434.0,0.227269247174263,,,,
6,709,0.11820870637893677,0.35039034485816956,432.0,0.2321816384792328,,,,
6,710,0.10931941866874695,0.324849009513855,406.0,0.21552959084510803,,,,
6,711,0.11016647517681122,0.34548652172088623,434.0,0.235320046544075,,,,
6,712,0.10414481163024902,0.3336436152458191,416.0,0.22949881851673126,,,,
6,713,0.10653256624937057,0.3238776922225952,407.0,0.21734511852264404,,,,
6,714,0.1077742800116539,0.34050923585891724,420.0,0.23273496329784393,,,,
6,715,0.10706063359975815,0.35506942868232727,426.0,0.24800878763198853,,,,
6,716,0.10397174954414368,0.33582594990730286,445.0,0.23185420036315918,,,,
6,717,0.09649684280157089,0.3578808605670929,438.0,0.2613840103149414,,,,
6,718,0.1067347601056099,0.35165300965309143,441.0,0.24491825699806213,,,,
6,719,0.10866034030914307,0.3269904851913452,429.0,0.21833015978336334,,,,
6,720,0.09732060879468918,0.3101339638233185,460.0,0.2128133475780487,,,,
6,721,0.10379292070865631,0.401417076587677,449.0,0.2976241707801819,,,,
6,722,0.10688263177871704,0.3326050639152527,416.0,0.22572241723537445,,,,
6,723,0.10995495319366455,0.3600108325481415,446.0,0.25005587935447693,,,,
6,724,0.10388816148042679,0.31542038917541504,444.0,0.21153222024440765,,,,
6,725,0.08991429209709167,0.312348335981369,427.0,0.22243404388427734,,,,
6,726,0.10395580530166626,0.3454274833202362,468.0,0.24147167801856995,,,,
6,727,0.1125190258026123,0.341089129447937,409.0,0.2285700887441635,,,,
6,728,0.10827188193798065,0.3328763246536255,435.0,0.22460445761680603,,,,
6,729,0.1036996990442276,0.33530890941619873,424.0,0.23160922527313232,,,,
6,730,0.09644050896167755,0.3225875496864319,423.0,0.22614705562591553,,,,
6,731,0.10916014015674591,0.339186429977417,459.0,0.2300262749195099,,,,
6,732,0.09346655011177063,0.2992527484893799,426.0,0.20578618347644806,,,,
6,733,0.10257074236869812,0.3130350112915039,440.0,0.2104642540216446,,,,
6,734,0.1046917587518692,0.3171265423297882,488.0,0.212434783577919,,,,
6,735,0.0963342934846878,0.2993488311767578,404.0,0.2030145525932312,,,,
6,736,0.10891716182231903,0.33645099401474,422.0,0.22753383219242096,,,,
6,737,0.11057340353727341,0.34747639298439026,412.0,0.23690299689769745,,,,
6,738,0.10034018754959106,0.32685601711273193,429.0,0.22651584446430206,,,,
6,739,0.10750448703765869,0.36301910877227783,426.0,0.25551462173461914,,,,
6,740,0.09711873531341553,0.3170205354690552,448.0,0.21990181505680084,,,,
6,741,0.09922239929437637,0.32756057381629944,438.0,0.22833818197250366,,,,
6,742,0.10985403507947922,0.3762131631374359,473.0,0.2663591206073761,,,,
6,743,0.1042514517903328,0.32639825344085693,405.0,0.22214680910110474,,,,
6,744,0.09907817095518112,0.29020464420318604,441.0,0.1911264806985855,,,,
6,745,0.0949699804186821,0.30332329869270325,482.0,0.20835332572460175,,,,
6,746,0.09586401283740997,0.30309438705444336,465.0,0.2072303593158722,,,,
6,747,0.10076497495174408,0.33258795738220215,436.0,0.23182299733161926,,,,
6,748,0.1015123724937439,0.3316234350204468,409.0,0.2301110476255417,,,,
6,749,0.10112640261650085,0.3271329402923584,450.0,0.22600653767585754,,,,
6,750,0.0962904766201973,0.3103269040584564,453.0,0.21403641998767853,,,,
6,751,0.09826817363500595,0.3123205602169037,435.0,0.21405239403247833,,,,
6,752,0.10957379639148712,0.377035915851593,427.0,0.2674621045589447,,,,
6,753,0.10138136893510818,0.31342026591300964,428.0,0.21203890442848206,,,,
6,754,0.10738486051559448,0.31866809725761414,424.0,0.21128323674201965,,,,
6,755,0.10182676464319229,0.317064106464386,429.0,0.2152373492717743,,,,
6,756,0.10049676895141602,0.36470159888267517,451.0,0.26420482993125916,,,,
6,757,0.09949563443660736,0.3211632966995239,473.0,0.22166767716407776,,,,
6,758,0.10222871601581573,0.3310679495334625,431.0,0.2288392335176468,,,,
6,759,0.0990167185664177,0.3107221722602844,474.0,0.21170544624328613,,,,
6,760,0.10264194756746292,0.33212900161743164,418.0,0.22948704659938812,,,,
6,761,0.10529555380344391,0.3394922912120819,478.0,0.234196737408638,,,,
6,762,0.10097085684537888,0.3197084963321686,426.0,0.2187376469373703,,,,
6,763,0.1105780228972435,0.3469463288784027,442.0,0.2363683134317398,,,,
6,764,0.09940434992313385,0.32338395714759827,427.0,0.22397960722446442,,,,
6,765,0.09144804626703262,0.28767266869544983,430.0,0.1962246298789978,,,,
6,766,0.10702180862426758,0.33936429023742676,418.0,0.23234246671199799,,,,
6,767,0.09931731969118118,0.32635724544525146,471.0,0.22703993320465088,,,,
6,768,0.10366398841142654,0.3167470097541809,423.0,0.21308301389217377,,,,
6,769,0.09408440440893173,0.31100019812583923,416.0,0.2169157862663269,,,,
6,770,0.10430748015642166,0.35994040966033936,429.0,0.2556329369544983,,,,
6,771,0.10271739214658737,0.35278192162513733,421.0,0.25006452202796936,,,,
6,772,0.09618156403303146,0.30887386202812195,444.0,0.2126922905445099,,,,
6,773,0.1014861911535263,0.3193857967853546,429.0,0.2178996056318283,,,,
6,774,0.09701354801654816,0.32877030968666077,426.0,0.2317567616701126,,,,
6,775,0.09894276410341263,0.3730319142341614,458.0,0.27408915758132935,,,,
6,776,0.09741044789552689,0.318686306476593,457.0,0.22127586603164673,,,,
6,777,0.09706025570631027,0.3201371431350708,440.0,0.22307689487934113,,,,
6,778,0.10953977704048157,0.363723486661911,465.0,0.25418370962142944,,,,
6,779,0.11420534551143646,0.3419339060783386,427.0,0.22772854566574097,,,,
6,780,0.09661845117807388,0.3078722655773163,446.0,0.2112538069486618,,,,
6,781,0.11189131438732147,0.3380083441734314,442.0,0.22611704468727112,,,,
6,782,0.1090199425816536,0.35630059242248535,406.0,0.24728064239025116,,,,
6,783,0.11052841693162918,0.33174726366996765,328.0,0.22121885418891907,,,,
6,783,,,,,0.20649322867393494,0.43610626459121704,247.14834594726562,0.22961312532424927
7,784,0.09756676852703094,0.3344520032405853,438.0,0.23688523471355438,,,,
7,785,0.10403145104646683,0.3301209509372711,489.0,0.2260894924402237,,,,
7,786,0.10200037807226181,0.3367750644683838,427.0,0.23477469384670258,,,,
7,787,0.11263404786586761,0.3694276809692383,425.0,0.2567936182022095,,,,
7,788,0.10535702109336853,0.3355650305747986,448.0,0.23020799458026886,,,,
7,789,0.10207343846559525,0.3651101589202881,447.0,0.26303672790527344,,,,
7,790,0.1062479242682457,0.32427307963371277,458.0,0.21802514791488647,,,,
7,791,0.09369601309299469,0.35093802213668823,406.0,0.25724202394485474,,,,
7,792,0.10392802208662033,0.32959091663360596,447.0,0.22566290199756622,,,,
7,793,0.09975273907184601,0.31559884548187256,432.0,0.21584609150886536,,,,
7,794,0.10674494504928589,0.3211206793785095,438.0,0.21437571942806244,,,,
7,795,0.10111526399850845,0.3375330865383148,447.0,0.23641782999038696,,,,
7,796,0.09886180609464645,0.33799535036087036,471.0,0.2391335368156433,,,,
7,797,0.09934061765670776,0.304525226354599,464.0,0.20518460869789124,,,,
7,798,0.09929638355970383,0.3185441195964813,439.0,0.2192477434873581,,,,
7,799,0.09324996918439865,0.29845911264419556,445.0,0.2052091360092163,,,,
7,800,0.11239073425531387,0.3738161623477936,412.0,0.2614254355430603,,,,
7,801,0.11004571616649628,0.3299286961555481,395.0,0.21988296508789062,,,,
7,802,0.10234460979700089,0.3274340331554413,459.0,0.2250894159078598,,,,
7,803,0.10200758278369904,0.3412691056728363,432.0,0.23926152288913727,,,,
7,804,0.10312873870134354,0.3496912121772766,433.0,0.24656246602535248,,,,
7,805,0.11708670109510422,0.37194645404815674,402.0,0.2548597455024719,,,,
7,806,0.09828992187976837,0.3390924036502838,436.0,0.24080248177051544,,,,
7,807,0.09652822464704514,0.3141605854034424,428.0,0.21763235330581665,,,,
7,808,0.0996272936463356,0.3181927800178528,423.0,0.21856547892093658,,,,
7,809,0.09846538305282593,0.3147180676460266,425.0,0.2162526696920395,,,,
7,810,0.10844914615154266,0.34492623805999756,410.0,0.2364770919084549,,,,
7,811,0.09383512288331985,0.3106798529624939,416.0,0.21684472262859344,,,,
7,812,0.09554281830787659,0.32327061891555786,412.0,0.22772781550884247,,,,
7,813,0.10087772458791733,0.35795167088508606,441.0,0.25707393884658813,,,,
7,814,0.09703731536865234,0.36609673500061035,426.0,0.269059419631958,,,,
7,815,0.1100860983133316,0.33355557918548584,398.0,0.22346948087215424,,,,
7,816,0.10022180527448654,0.3244781792163849,431.0,0.22425636649131775,,,,
7,817,0.10679738968610764,0.33219993114471436,465.0,0.22540253400802612,,,,
7,818,0.10017633438110352,0.34457671642303467,461.0,0.24440036714076996,,,,
7,819,0.10057025402784348,0.3151639997959137,437.0,0.21459375321865082,,,,
7,820,0.10755650699138641,0.393307089805603,406.0,0.2857505679130554,,,,
7,821,0.10679280757904053,0.3188802897930145,479.0,0.212087482213974,,,,
7,822,0.10978801548480988,0.34051334857940674,454.0,0.23072531819343567,,,,
7,823,0.1028640940785408,0.32190266251564026,438.0,0.21903856098651886,,,,
7,824,0.10202816873788834,0.3254265785217285,433.0,0.22339840233325958,,,,
7,825,0.11128589510917664,0.373830646276474,422.0,0.26254475116729736,,,,
7,826,0.09699177742004395,0.4024743139743805,440.0,0.30548253655433655,,,,
7,827,0.09539762139320374,0.33865243196487427,440.0,0.24325481057167053,,,,
7,828,0.10592775046825409,0.35163983702659607,428.0,0.24571208655834198,,,,
7,829,0.10269097238779068,0.3381204307079315,444.0,0.23542946577072144,,,,
7,830,0.10445590317249298,0.3196965456008911,428.0,0.21524062752723694,,,,
7,831,0.09906257688999176,0.3194209933280945,432.0,0.22035840153694153,,,,
7,832,0.10430802404880524,0.32919883728027344,393.0,0.224890798330307,,,,
7,833,0.09599869698286057,0.3223876357078552,451.0,0.22638894617557526,,,,
7,834,0.10611996799707413,0.3394571840763092,431.0,0.23333722352981567,,,,
7,835,0.09565060585737228,0.3253902792930603,436.0,0.22973966598510742,,,,
7,836,0.10611629486083984,0.3381458520889282,438.0,0.23202955722808838,,,,
7,837,0.09072848409414291,0.28306856751441956,426.0,0.19234007596969604,,,,
7,838,0.09720901399850845,0.3093435764312744,445.0,0.21213456988334656,,,,
7,839,0.09738680720329285,0.3363340497016907,451.0,0.23894725739955902,,,,
7,840,0.09842665493488312,0.33317315578460693,474.0,0.23474650084972382,,,,
7,841,0.11109945923089981,0.40515008568763733,445.0,0.2940506339073181,,,,
7,842,0.10695778578519821,0.3212409019470215,416.0,0.21428310871124268,,,,
7,843,0.09211186319589615,0.29930606484413147,472.0,0.20719419419765472,,,,
7,844,0.10651177912950516,0.33794575929641724,433.0,0.23143397271633148,,,,
7,845,0.09993434697389603,0.2968781590461731,453.0,0.19694380462169647,,,,
7,846,0.10028880834579468,0.3307941257953644,451.0,0.2305053174495697,,,,
7,847,0.09766900539398193,0.330189973115921,396.0,0.2325209677219391,,,,
7,848,0.10179940611124039,0.31946325302124023,407.0,0.21766383945941925,,,,
7,849,0.10198075324296951,0.35668426752090454,439.0,0.2547035217285156,,,,
7,850,0.09569691121578217,0.30523115396499634,431.0,0.20953424274921417,,,,
7,851,0.0936059057712555,0.30103635787963867,417.0,0.20743045210838318,,,,
7,852,0.10402903705835342,0.3112031817436218,452.0,0.207174152135849,,,,
7,853,0.09473226964473724,0.3099204897880554,461.0,0.21518823504447937,,,,
7,854,0.10544955730438232,0.3327769637107849,427.0,0.2273273915052414,,,,
7,855,0.09217659384012222,0.29516837000846863,408.0,0.202991783618927,,,,
7,856,0.1029106006026268,0.33043166995048523,419.0,0.22752107679843903,,,,
7,857,0.1008530780673027,0.3132745623588562,447.0,0.2124214917421341,,,,
7,858,0.09881657361984253,0.30793774127960205,416.0,0.20912115275859833,,,,
7,859,0.10576886683702469,0.32084032893180847,434.0,0.21507146954536438,,,,
7,860,0.09809515625238419,0.32831594347953796,416.0,0.23022079467773438,,,,
7,861,0.10263339430093765,0.3149023950099945,445.0,0.21226899325847626,,,,
7,862,0.1071590781211853,0.3353247046470642,489.0,0.2281656116247177,,,,
7,863,0.0897396057844162,0.3020218014717102,471.0,0.212282195687294,,,,
7,864,0.0998818576335907,0.3247079849243164,426.0,0.2248261272907257,,,,
7,865,0.09425406157970428,0.2926621735095978,387.0,0.1984081119298935,,,,
7,866,0.10277170687913895,0.32940319180488586,443.0,0.22663147747516632,,,,
7,867,0.10398496687412262,0.31789061427116394,444.0,0.21390564739704132,,,,
7,868,0.1076614260673523,0.3479531407356262,417.0,0.24029172956943512,,,,
7,869,0.10157259553670883,0.3286767303943634,448.0,0.22710414230823517,,,,
7,870,0.09858039021492004,0.34116220474243164,403.0,0.2425818145275116,,,,
7,871,0.10484442859888077,0.3377009630203247,424.0,0.23285652697086334,,,,
7,872,0.10615264624357224,0.3231523036956787,405.0,0.21699966490268707,,,,
7,873,0.09682418406009674,0.31034407019615173,458.0,0.213519886136055,,,,
7,874,0.09788941591978073,0.3168243169784546,403.0,0.21893489360809326,,,,
7,875,0.10083866864442825,0.3251757323741913,443.0,0.22433707118034363,,,,
7,876,0.10032572597265244,0.31199079751968384,468.0,0.211665078997612,,,,
7,877,0.09983854740858078,0.33129748702049255,455.0,0.23145893216133118,,,,
7,878,0.09674041718244553,0.31542181968688965,436.0,0.21868139505386353,,,,
7,879,0.10331910848617554,0.3292616009712219,445.0,0.2259424775838852,,,,
7,880,0.10661110281944275,0.31955987215042114,412.0,0.2129487544298172,,,,
7,881,0.10471123456954956,0.31568899750709534,389.0,0.21097776293754578,,,,
7,882,0.10026558488607407,0.31738024950027466,447.0,0.21711465716362,,,,
7,883,0.09990041702985764,0.3242274820804596,461.0,0.22432707250118256,,,,
7,884,0.10538993775844574,0.3374839425086975,413.0,0.23209400475025177,,,,
7,885,0.09779834747314453,0.30512863397598267,435.0,0.20733027160167694,,,,
7,886,0.10172569751739502,0.3367789387702942,427.0,0.23505325615406036,,,,
7,887,0.09688394516706467,0.31582847237586975,441.0,0.21894453465938568,,,,
7,888,0.10071255266666412,0.32320636510849,423.0,0.22249382734298706,,,,
7,889,0.09669578820466995,0.3073926866054535,440.0,0.21069689095020294,,,,
7,890,0.10481037199497223,0.3396226763725281,456.0,0.23481230437755585,,,,
7,891,0.10165290534496307,0.313961923122406,463.0,0.21230903267860413,,,,
7,892,0.09472737461328506,0.310032457113266,438.0,0.21530507504940033,,,,
7,893,0.10350362956523895,0.31160950660705566,455.0,0.2081058919429779,,,,
7,894,0.09930463880300522,0.3243190050125122,460.0,0.22501437366008759,,,,
7,895,0.10192984342575073,0.31889820098876953,343.0,0.2169683575630188,,,,
7,895,,,,,0.2019774317741394,0.43127012252807617,247.14834594726562,0.22929270565509796
8,896,0.10375212877988815,0.3241831362247467,445.0,0.22043099999427795,,,,
8,897,0.09610246121883392,0.3110361099243164,445.0,0.2149336338043213,,,,
8,898,0.08861701190471649,0.31867122650146484,443.0,0.23005422949790955,,,,
8,899,0.09991224110126495,0.3198786973953247,480.0,0.21996647119522095,,,,
8,900,0.1052091121673584,0.31922298669815063,419.0,0.21401385962963104,,,,
8,901,0.10588418692350388,0.3391574025154114,468.0,0.2332732230424881,,,,
8,902,0.09093041718006134,0.2870538532733917,446.0,0.19612343609333038,,,,
8,903,0.09980281442403793,0.311666876077652,452.0,0.21186405420303345,,,,
8,904,0.09750598669052124,0.31202512979507446,429.0,0.21451912820339203,,,,
8,905,0.10427707433700562,0.3413906395435333,437.0,0.2371135652065277,,,,
8,906,0.10744098573923111,0.3243432343006134,432.0,0.2169022560119629,,,,
8,907,0.09842190146446228,0.29365959763526917,440.0,0.19523769617080688,,,,
8,908,0.10303223878145218,0.3285078704357147,422.0,0.22547563910484314,,,,
8,909,0.10454047471284866,0.3282095193862915,440.0,0.22366905212402344,,,,
8,910,0.09902878105640411,0.3025836646556854,415.0,0.2035548835992813,,,,
8,911,0.10124966502189636,0.29666340351104736,463.0,0.1954137235879898,,,,
8,912,0.10346265882253647,0.3557441830635071,408.0,0.25228151679039,,,,
8,913,0.09545308351516724,0.3123024106025696,392.0,0.21684932708740234,,,,
8,914,0.1006912961602211,0.31626155972480774,442.0,0.21557027101516724,,,,
8,915,0.09879263490438461,0.31726139783859253,419.0,0.2184687703847885,,,,
8,916,0.09769435971975327,0.31547048687934875,410.0,0.2177761197090149,,,,
8,917,0.0966649204492569,0.2961859703063965,444.0,0.1995210349559784,,,,
8,918,0.08932207524776459,0.29958146810531616,384.0,0.21025940775871277,,,,
8,919,0.1026238352060318,0.3151700496673584,457.0,0.2125461995601654,,,,
8,920,0.10801979154348373,0.327816903591156,439.0,0.21979710459709167,,,,
8,921,0.09004335850477219,0.27553147077560425,444.0,0.18548810482025146,,,,
8,922,0.10789210349321365,0.37029364705085754,434.0,0.2624015510082245,,,,
8,923,0.09826041013002396,0.3155997693538666,463.0,0.21733936667442322,,,,
8,924,0.09364435076713562,0.30052244663238525,409.0,0.20687808096408844,,,,
8,925,0.10487625002861023,0.3337100148200989,454.0,0.22883374989032745,,,,
8,926,0.10214801877737045,0.3184661269187927,463.0,0.21631811559200287,,,,
8,927,0.10335307568311691,0.3404902219772339,435.0,0.23713713884353638,,,,
8,928,0.10016389936208725,0.3536078631877899,440.0,0.25344395637512207,,,,
8,929,0.09335487335920334,0.3247160315513611,450.0,0.23136115074157715,,,,
8,930,0.09493665397167206,0.3013436198234558,414.0,0.20640698075294495,,,,
8,931,0.09853502362966537,0.31377190351486206,442.0,0.2152368724346161,,,,
8,932,0.10023084282875061,0.31494611501693726,446.0,0.21471525728702545,,,,
8,933,0.10588669776916504,0.35197532176971436,422.0,0.24608862400054932,,,,
8,934,0.09872589260339737,0.32108327746391296,449.0,0.222357377409935,,,,
8,935,0.09844553470611572,0.3017426133155823,404.0,0.20329707860946655,,,,
8,936,0.09993487596511841,0.3043663799762726,436.0,0.20443150401115417,,,,
8,937,0.10234390199184418,0.31965702772140503,434.0,0.21731311082839966,,,,
8,938,0.10076725482940674,0.3093838691711426,391.0,0.20861661434173584,,,,
8,939,0.09153735637664795,0.29619723558425903,417.0,0.2046598643064499,,,,
8,940,0.10467720031738281,0.321145236492157,438.0,0.21646803617477417,,,,
8,941,0.09820835292339325,0.29741090536117554,454.0,0.19920256733894348,,,,
8,942,0.09345786273479462,0.2875528931617737,461.0,0.19409504532814026,,,,
8,943,0.09476061910390854,0.29299551248550415,423.0,0.19823488593101501,,,,
8,944,0.09623480588197708,0.3067699074745178,440.0,0.21053510904312134,,,,
8,945,0.08988548815250397,0.3005654215812683,423.0,0.21067994832992554,,,,
8,946,0.09945815801620483,0.3181939721107483,414.0,0.21873581409454346,,,,
8,947,0.09834855794906616,0.31602734327316284,460.0,0.21767878532409668,,,,
8,948,0.10219550132751465,0.3430822193622589,399.0,0.24088671803474426,,,,
8,949,0.10247384756803513,0.321340411901474,437.0,0.21886655688285828,,,,
8,950,0.10055255889892578,0.3100188374519348,420.0,0.20946629345417023,,,,
8,951,0.09593132883310318,0.31296688318252563,489.0,0.21703556180000305,,,,
8,952,0.09865131974220276,0.3480745553970337,424.0,0.24942325055599213,,,,
8,953,0.09825489670038223,0.3048897385597229,446.0,0.20663483440876007,,,,
8,954,0.09778403490781784,0.32794469594955444,420.0,0.2301606684923172,,,,
8,955,0.09358369559049606,0.3025898337364197,454.0,0.20900613069534302,,,,
8,956,0.09963398426771164,0.300691694021225,429.0,0.20105771720409393,,,,
8,957,0.09578438103199005,0.3146817088127136,422.0,0.21889734268188477,,,,
8,958,0.09955081343650818,0.3118933439254761,435.0,0.2123425155878067,,,,
8,959,0.0951760858297348,0.29618605971336365,472.0,0.20100997388362885,,,,
8,960,0.0935240164399147,0.30791205167770386,454.0,0.21438802778720856,,,,
8,961,0.09303244203329086,0.3091402053833008,450.0,0.21610777080059052,,,,
8,962,0.09511129558086395,0.3093203902244568,423.0,0.21420910954475403,,,,
8,963,0.09928442537784576,0.3131924867630005,412.0,0.21390807628631592,,,,
8,964,0.10543270409107208,0.3383256793022156,405.0,0.2328929752111435,,,,
8,965,0.09221433848142624,0.29908880591392517,468.0,0.20687445998191833,,,,
8,966,0.09655911475419998,0.29671961069107056,419.0,0.20016048848628998,,,,
8,967,0.10312693566083908,0.33712366223335266,418.0,0.23399671912193298,,,,
8,968,0.09513558447360992,0.30463457107543945,433.0,0.20949900150299072,,,,
8,969,0.09399454295635223,0.31468531489372253,436.0,0.2206907719373703,,,,
8,970,0.10433857142925262,0.3315158784389496,434.0,0.22717730700969696,,,,
8,971,0.10445570200681686,0.322361558675766,438.0,0.21790586411952972,,,,
8,972,0.10391237586736679,0.3172450065612793,447.0,0.2133326381444931,,,,
8,973,0.1084628775715828,0.33624041080474854,415.0,0.22777754068374634,,,,
8,974,0.0898190587759018,0.3304764926433563,419.0,0.24065743386745453,,,,
8,975,0.09371621906757355,0.31350356340408325,444.0,0.2197873592376709,,,,
8,976,0.0923517495393753,0.2969902753829956,414.0,0.2046385258436203,,,,
8,977,0.09909244626760483,0.33703264594078064,432.0,0.23794019222259521,,,,
8,978,0.10443060845136642,0.36499840021133423,423.0,0.2605677843093872,,,,
8,979,0.09539549052715302,0.303998738527298,454.0,0.20860324800014496,,,,
8,980,0.09489810466766357,0.3040887117385864,438.0,0.20919062197208405,,,,
8,981,0.09137976169586182,0.2879530191421509,465.0,0.19657325744628906,,,,
8,982,0.10101690143346786,0.3594149053096771,418.0,0.25839799642562866,,,,
8,983,0.095088891685009,0.2986212372779846,452.0,0.2035323530435562,,,,
8,984,0.10550706088542938,0.3703598380088806,431.0,0.26485276222229004,,,,
8,985,0.10187290608882904,0.3185025453567505,445.0,0.21662962436676025,,,,
8,986,0.09934177994728088,0.3261318504810333,433.0,0.22679007053375244,,,,
8,987,0.09862098097801208,0.3022284209728241,404.0,0.203607439994812,,,,
8,988,0.10140356421470642,0.3113216161727905,414.0,0.2099180519580841,,,,
8,989,0.08811745792627335,0.28209036588668823,430.0,0.19397291541099548,,,,
8,990,0.093809112906456,0.29335206747055054,457.0,0.19954296946525574,,,,
8,991,0.09313753247261047,0.31283366680145264,469.0,0.21969614923000336,,,,
8,992,0.09198106825351715,0.2961690127849579,457.0,0.20418794453144073,,,,
8,993,0.09967649728059769,0.30245497822761536,418.0,0.20277848839759827,,,,
8,994,0.09687445312738419,0.28734201192855835,434.0,0.19046756625175476,,,,
8,995,0.09417877346277237,0.30762162804603577,443.0,0.213442862033844,,,,
8,996,0.10320224612951279,0.312398225069046,421.0,0.20919597148895264,,,,
8,997,0.10067376494407654,0.30505335330963135,423.0,0.204379603266716,,,,
8,998,0.09367246180772781,0.29183244705200195,424.0,0.19815999269485474,,,,
8,999,0.0902867540717125,0.30324316024780273,437.0,0.21295641362667084,,,,
8,1000,0.09480266273021698,0.3196829855442047,438.0,0.22488032281398773,,,,
8,1001,0.08734966814517975,0.28446054458618164,436.0,0.19711089134216309,,,,
8,1002,0.1014527678489685,0.3261290192604065,438.0,0.224676251411438,,,,
8,1003,0.0933237299323082,0.3574336767196655,414.0,0.26410993933677673,,,,
8,1004,0.10180648416280746,0.31779542565345764,412.0,0.21598893404006958,,,,
8,1005,0.09765244275331497,0.29492801427841187,456.0,0.1972755640745163,,,,
8,1006,0.10082077980041504,0.3287741243839264,423.0,0.22795334458351135,,,,
8,1007,0.09551581740379333,0.30590540170669556,358.0,0.21038959920406342,,,,
8,1007,,,,,0.19898638129234314,0.4211847186088562,247.14834594726562,0.22219830751419067
9,1008,0.09167225658893585,0.2958751320838928,405.0,0.20420289039611816,,,,
9,1009,0.09908375144004822,0.2969133257865906,448.0,0.19782955944538116,,,,
9,1010,0.09641307592391968,0.30182695388793945,437.0,0.20541386306285858,,,,
9,1011,0.09060953557491302,0.31917092204093933,455.0,0.2285613864660263,,,,
9,1012,0.1008208692073822,0.3228059709072113,456.0,0.2219851016998291,,,,
9,1013,0.1014217883348465,0.33595186471939087,398.0,0.23453009128570557,,,,
9,1014,0.10579872131347656,0.3604435920715332,448.0,0.25464487075805664,,,,
9,1015,0.10005808621644974,0.31057965755462646,449.0,0.21052157878875732,,,,
9,1016,0.09779173135757446,0.31766483187675476,466.0,0.2198731005191803,,,,
9,1017,0.097098208963871,0.31219759583473206,444.0,0.21509939432144165,,,,
9,1018,0.09342311322689056,0.3101310133934021,431.0,0.21670791506767273,,,,
9,1019,0.09771478176116943,0.3002352714538574,453.0,0.2025204747915268,,,,
9,1020,0.09429261833429337,0.296968936920166,461.0,0.20267631113529205,,,,
9,1021,0.09368299692869186,0.3344147503376007,406.0,0.24073176085948944,,,,
9,1022,0.08807336539030075,0.2855207324028015,409.0,0.19744737446308136,,,,
9,1023,0.09686128050088882,0.30938658118247986,445.0,0.21252529323101044,,,,
9,1024,0.09057209640741348,0.33508530259132385,445.0,0.24451321363449097,,,,
9,1025,0.10207588970661163,0.35406213998794556,445.0,0.25198623538017273,,,,
9,1026,0.10403072088956833,0.3184564709663391,411.0,0.21442575752735138,,,,
9,1027,0.09764202684164047,0.3352576196193695,434.0,0.23761560022830963,,,,
9,1028,0.09846699237823486,0.3235287368297577,410.0,0.22506174445152283,,,,
9,1029,0.09706424176692963,0.30896860361099243,435.0,0.2119043618440628,,,,
9,1030,0.10233771055936813,0.3143364489078522,447.0,0.21199874579906464,,,,
9,1031,0.0984175056219101,0.31605708599090576,402.0,0.21763959527015686,,,,
9,1032,0.09739255905151367,0.32116758823394775,417.0,0.22377502918243408,,,,
9,1033,0.1052548736333847,0.3123113214969635,410.0,0.2070564478635788,,,,
9,1034,0.09851206094026566,0.3117060363292694,425.0,0.21319398283958435,,,,
9,1035,0.09326596558094025,0.2976808547973633,426.0,0.20441487431526184,,,,
9,1036,0.08382152765989304,0.30122217535972595,447.0,0.21740064024925232,,,,
9,1037,0.10273277014493942,0.3441935181617737,458.0,0.24146075546741486,,,,
9,1038,0.09493117034435272,0.3082408905029297,476.0,0.21330972015857697,,,,
9,1039,0.09576043486595154,0.3031753897666931,474.0,0.20741493999958038,,,,
9,1040,0.10142955929040909,0.342104971408844,413.0,0.2406754046678543,,,,
9,1041,0.09732041507959366,0.30891725420951843,441.0,0.21159683167934418,,,,
9,1042,0.10132867842912674,0.31182751059532166,436.0,0.21049882471561432,,,,
9,1043,0.09814711660146713,0.30675008893013,436.0,0.20860297977924347,,,,
9,1044,0.09991253912448883,0.32308492064476013,443.0,0.2231723815202713,,,,
9,1045,0.09319321811199188,0.2991979122161865,441.0,0.20600469410419464,,,,
9,1046,0.09476255625486374,0.2947176992893219,447.0,0.19995515048503876,,,,
9,1047,0.09763540327548981,0.3021700382232666,411.0,0.204534649848938,,,,
9,1048,0.09520141035318375,0.28505709767341614,419.0,0.1898556798696518,,,,
9,1049,0.09930159896612167,0.31730836629867554,441.0,0.21800677478313446,,,,
9,1050,0.08870217949151993,0.29315242171287537,428.0,0.20445023477077484,,,,
9,1051,0.1001623123884201,0.32059887051582336,423.0,0.22043655812740326,,,,
9,1052,0.09107417613267899,0.32805335521698,387.0,0.2369791716337204,,,,
9,1053,0.09459152072668076,0.330412894487381,438.0,0.23582138121128082,,,,
9,1054,0.09547140449285507,0.30660977959632874,428.0,0.21113836765289307,,,,
9,1055,0.08922190964221954,0.2899516224861145,411.0,0.20072972774505615,,,,
9,1056,0.0975181981921196,0.3206205666065216,439.0,0.2231023758649826,,,,
9,1057,0.10061125457286835,0.3127935528755188,424.0,0.21218231320381165,,,,
9,1058,0.09611896425485611,0.31403419375419617,446.0,0.21791522204875946,,,,
9,1059,0.09644433110952377,0.30199339985847473,437.0,0.20554907619953156,,,,
9,1060,0.10208964347839355,0.3131526708602905,406.0,0.21106304228305817,,,,
9,1061,0.09722911566495895,0.30869218707084656,411.0,0.2114630788564682,,,,
9,1062,0.10029041767120361,0.32301318645477295,451.0,0.22272278368473053,,,,
9,1063,0.09678514301776886,0.3068820834159851,437.0,0.21009692549705505,,,,
9,1064,0.10114577412605286,0.3416321277618408,456.0,0.24048633873462677,,,,
9,1065,0.09977531433105469,0.31575852632522583,403.0,0.21598322689533234,,,,
9,1066,0.09049320966005325,0.30837464332580566,413.0,0.217881441116333,,,,
9,1067,0.0950237289071083,0.3872048258781433,419.0,0.2921811044216156,,,,
9,1068,0.1019081398844719,0.3086773753166199,441.0,0.20676924288272858,,,,
9,1069,0.08773621916770935,0.28615230321884155,443.0,0.1984160840511322,,,,
9,1070,0.08456578105688095,0.30878138542175293,404.0,0.22421559691429138,,,,
9,1071,0.09086674451828003,0.2807236611843109,453.0,0.18985691666603088,,,,
9,1072,0.09410817176103592,0.2991510331630707,428.0,0.20504285395145416,,,,
9,1073,0.09009556472301483,0.2701317071914673,422.0,0.18003614246845245,,,,
9,1074,0.09442250430583954,0.3008042573928833,447.0,0.20638173818588257,,,,
9,1075,0.10131058096885681,0.3117353320121765,437.0,0.2104247659444809,,,,
9,1076,0.10047479718923569,0.31558647751808167,458.0,0.21511168777942657,,,,
9,1077,0.09011176973581314,0.28307944536209106,447.0,0.19296766817569733,,,,
9,1078,0.1014888659119606,0.3212798833847046,438.0,0.21979102492332458,,,,
9,1079,0.09972289949655533,0.31687507033348083,418.0,0.2171521633863449,,,,
9,1080,0.09813481569290161,0.32202380895614624,426.0,0.22388897836208344,,,,
9,1081,0.09262581914663315,0.2989245355129242,412.0,0.20629870891571045,,,,
9,1082,0.0886213555932045,0.30241355299949646,525.0,0.21379218995571136,,,,
9,1083,0.09504956752061844,0.3207375407218933,428.0,0.22568796575069427,,,,
9,1084,0.09674883633852005,0.3087087571620941,433.0,0.21195992827415466,,,,
9,1085,0.09388720989227295,0.30881983041763306,446.0,0.2149326354265213,,,,
9,1086,0.09820695966482162,0.3065912425518036,433.0,0.20838427543640137,,,,
9,1087,0.1038798913359642,0.3369818925857544,459.0,0.2331020087003708,,,,
9,1088,0.10033020377159119,0.3377459943294525,437.0,0.23741579055786133,,,,
9,1089,0.09517093747854233,0.29751837253570557,426.0,0.20234742760658264,,,,
9,1090,0.09624610096216202,0.30752113461494446,441.0,0.21127504110336304,,,,
9,1091,0.09351851046085358,0.29848605394363403,443.0,0.20496752858161926,,,,
9,1092,0.09117250144481659,0.30499833822250366,398.0,0.21382583677768707,,,,
9,1093,0.08807278424501419,0.2997601628303528,455.0,0.211687371134758,,,,
9,1094,0.10081639140844345,0.31328508257865906,420.0,0.212468683719635,,,,
9,1095,0.08010908961296082,0.2795766592025757,479.0,0.19946755468845367,,,,
9,1096,0.09727536886930466,0.36563628911972046,412.0,0.2683609127998352,,,,
9,1097,0.09942798316478729,0.3194202780723572,448.0,0.21999230980873108,,,,
9,1098,0.09637915343046188,0.29780593514442444,436.0,0.20142677426338196,,,,
9,1099,0.09976126998662949,0.30971240997314453,440.0,0.20995114743709564,,,,
9,1100,0.09209121018648148,0.30092841386795044,427.0,0.20883721113204956,,,,
9,1101,0.09647982567548752,0.30160069465637207,449.0,0.20512087643146515,,,,
9,1102,0.09515661001205444,0.31069204211235046,418.0,0.21553543210029602,,,,
9,1103,0.09590166807174683,0.3076251447200775,427.0,0.2117234766483307,,,,
9,1104,0.09690486639738083,0.3140522241592407,412.0,0.2171473652124405,,,,
9,1105,0.10058176517486572,0.3189923167228699,429.0,0.21841055154800415,,,,
9,1106,0.0950961783528328,0.2830662727355957,424.0,0.1879700869321823,,,,
9,1107,0.09007099270820618,0.28820160031318665,424.0,0.19813060760498047,,,,
9,1108,0.09182420372962952,0.29686957597732544,439.0,0.20504535734653473,,,,
9,1109,0.09561238437891006,0.34584230184555054,436.0,0.25022992491722107,,,,
9,1110,0.08555522561073303,0.2953891158103943,439.0,0.20983390510082245,,,,
9,1111,0.10294226557016373,0.32733088731765747,448.0,0.22438861429691315,,,,
9,1112,0.08907093852758408,0.28854966163635254,445.0,0.19947873055934906,,,,
9,1113,0.09060217440128326,0.2911996841430664,433.0,0.20059750974178314,,,,
9,1114,0.10522373765707016,0.3367882966995239,436.0,0.23156455159187317,,,,
9,1115,0.09370330721139908,0.2999570667743683,447.0,0.2062537670135498,,,,
9,1116,0.08774201571941376,0.2834320664405823,417.0,0.19569003582000732,,,,
9,1117,0.0886322557926178,0.29888293147087097,439.0,0.21025067567825317,,,,
9,1118,0.09756991267204285,0.30700379610061646,420.0,0.2094338834285736,,,,
9,1119,0.09956073015928268,0.33842846751213074,345.0,0.23886774480342865,,,,
9,1119,,,,,0.1955823004245758,0.41083216667175293,247.14834594726562,0.21524985134601593
10,1120,0.09294971823692322,0.3103604316711426,425.0,0.21741069853305817,,,,
10,1121,0.10445662587881088,0.3109406530857086,424.0,0.20648403465747833,,,,
10,1122,0.10013724118471146,0.309376984834671,428.0,0.20923973619937897,,,,
10,1123,0.09959766268730164,0.3294885754585266,447.0,0.22989089787006378,,,,
10,1124,0.09716738760471344,0.31250685453414917,456.0,0.21533945202827454,,,,
10,1125,0.09556572139263153,0.301521360874176,427.0,0.2059556394815445,,,,
10,1126,0.10530068725347519,0.32256507873535156,408.0,0.21726438403129578,,,,
10,1127,0.09380201250314713,0.309037983417511,471.0,0.21523596346378326,,,,
10,1128,0.09270743280649185,0.31489571928977966,458.0,0.22218827903270721,,,,
10,1129,0.10671385377645493,0.3350207209587097,431.0,0.2283068597316742,,,,
10,1130,0.10146250575780869,0.32433807849884033,405.0,0.22287558019161224,,,,
10,1131,0.09948614239692688,0.3105297386646271,402.0,0.2110435962677002,,,,
10,1132,0.0943574458360672,0.3344855308532715,449.0,0.24012809991836548,,,,
10,1133,0.10097698122262955,0.30310511589050293,446.0,0.20212814211845398,,,,
10,1134,0.09808780997991562,0.2930738925933838,457.0,0.19498607516288757,,,,
10,1135,0.09564930200576782,0.3013138473033905,416.0,0.20566454529762268,,,,
10,1136,0.09096525609493256,0.31633618474006653,464.0,0.22537092864513397,,,,
10,1137,0.08253709226846695,0.2857154309749603,438.0,0.20317833125591278,,,,
10,1138,0.0946803167462349,0.32670482993125916,445.0,0.23202452063560486,,,,
10,1139,0.09936469793319702,0.3099026083946228,422.0,0.21053792536258698,,,,
10,1140,0.09163782745599747,0.28575775027275085,407.0,0.19411993026733398,,,,
10,1141,0.10216061025857925,0.3221999406814575,405.0,0.22003932297229767,,,,
10,1142,0.0992833822965622,0.31738874316215515,454.0,0.21810536086559296,,,,
10,1143,0.0946916788816452,0.2843100428581238,468.0,0.18961836397647858,,,,
10,1144,0.08611833304166794,0.2697891294956207,461.0,0.1836708039045334,,,,
10,1145,0.09866195917129517,0.336905837059021,443.0,0.23824389278888702,,,,
10,1146,0.09357619285583496,0.3015066385269165,450.0,0.20793043076992035,,,,
10,1147,0.09546263515949249,0.3001209795475006,452.0,0.20465834438800812,,,,
10,1148,0.09495385736227036,0.3108363151550293,462.0,0.21588245034217834,,,,
10,1149,0.0916464552283287,0.29857659339904785,428.0,0.20693014562129974,,,,
10,1150,0.09661057591438293,0.30300647020339966,395.0,0.20639590919017792,,,,
10,1151,0.09890785813331604,0.3114577531814575,414.0,0.21254989504814148,,,,
10,1152,0.09032988548278809,0.30505359172821045,415.0,0.21472369134426117,,,,
10,1153,0.09331746399402618,0.28401029109954834,438.0,0.19069284200668335,,,,
10,1154,0.08902601152658463,0.32010942697525024,442.0,0.23108342289924622,,,,
10,1155,0.09183922410011292,0.2871231436729431,441.0,0.195283904671669,,,,
10,1156,0.09991250187158585,0.3223717510700226,420.0,0.22245925664901733,,,,
10,1157,0.09500191360712051,0.30387479066848755,420.0,0.20887288451194763,,,,
10,1158,0.09241808205842972,0.28101444244384766,434.0,0.18859636783599854,,,,
10,1159,0.09045030921697617,0.32284820079803467,455.0,0.2323978990316391,,,,
10,1160,0.08892886340618134,0.2917531728744507,425.0,0.20282430946826935,,,,
10,1161,0.09502749145030975,0.29235386848449707,443.0,0.1973263919353485,,,,
10,1162,0.09971965104341507,0.3204605281352997,455.0,0.22074086964130402,,,,
10,1163,0.0936814397573471,0.3077138662338257,432.0,0.21403242647647858,,,,
10,1164,0.09370163828134537,0.3041423261165619,416.0,0.21044069528579712,,,,
10,1165,0.09319379180669785,0.30690670013427734,406.0,0.2137129008769989,,,,
10,1166,0.10337137430906296,0.31400060653686523,437.0,0.21062922477722168,,,,
10,1167,0.09052963554859161,0.3434949517250061,448.0,0.2529653012752533,,,,
10,1168,0.10032885521650314,0.33771270513534546,451.0,0.23738384246826172,,,,
10,1169,0.09426401555538177,0.28969234228134155,455.0,0.19542832672595978,,,,
10,1170,0.09435243904590607,0.28500229120254517,466.0,0.1906498372554779,,,,
10,1171,0.09581724554300308,0.29386845231056213,426.0,0.19805121421813965,,,,
10,1172,0.0964687317609787,0.3166537880897522,408.0,0.2201850563287735,,,,
10,1173,0.0853482037782669,0.2823176383972168,447.0,0.19696944952011108,,,,
10,1174,0.09345349669456482,0.30432987213134766,470.0,0.21087639033794403,,,,
10,1175,0.09225087612867355,0.3051187992095947,476.0,0.21286793053150177,,,,
10,1176,0.09131914377212524,0.30441856384277344,431.0,0.213099405169487,,,,
10,1177,0.09223613888025284,0.30168578028678894,471.0,0.2094496339559555,,,,
10,1178,0.09540209919214249,0.2981763482093811,419.0,0.2027742564678192,,,,
10,1179,0.09518865495920181,0.31705623865127563,442.0,0.22186759114265442,,,,
10,1180,0.10324481129646301,0.3554582893848419,463.0,0.2522134780883789,,,,
10,1181,0.09391502290964127,0.3016575574874878,462.0,0.20774252712726593,,,,
10,1182,0.09746276587247849,0.2985036373138428,473.0,0.20104087889194489,,,,
10,1183,0.0940227136015892,0.2990545928478241,401.0,0.2050318866968155,,,,
10,1184,0.09834738075733185,0.30956536531448364,447.0,0.2112179696559906,,,,
10,1185,0.08393717557191849,0.28311091661453247,439.0,0.19917374849319458,,,,
10,1186,0.0978916808962822,0.3211505711078644,446.0,0.2232588827610016,,,,
10,1187,0.08342809975147247,0.2758549451828003,468.0,0.192426860332489,,,,
10,1188,0.09161167591810226,0.2898981273174286,397.0,0.19828645884990692,,,,
10,1189,0.09098605066537857,0.2694437503814697,456.0,0.17845770716667175,,,,
10,1190,0.09841939061880112,0.31150537729263306,420.0,0.21308597922325134,,,,
10,1191,0.09551867097616196,0.30359259247779846,416.0,0.2080739140510559,,,,
10,1192,0.0976470410823822,0.28717291355133057,418.0,0.18952587246894836,,,,
10,1193,0.0852094367146492,0.3192867636680603,404.0,0.2340773195028305,,,,
10,1194,0.09259475022554398,0.29448825120925903,446.0,0.20189349353313446,,,,
10,1195,0.10173457115888596,0.31045374274253845,448.0,0.2087191641330719,,,,
10,1196,0.09563568979501724,0.3072447180747986,454.0,0.21160902082920074,,,,
10,1197,0.08787865936756134,0.2934548854827881,384.0,0.20557624101638794,,,,
10,1198,0.0919136330485344,0.27728593349456787,459.0,0.18537229299545288,,,,
10,1199,0.09238013625144958,0.2914377450942993,428.0,0.19905760884284973,,,,
10,1200,0.09213127195835114,0.29293981194496155,436.0,0.2008085399866104,,,,
10,1201,0.0895267128944397,0.2845543324947357,440.0,0.19502761960029602,,,,
10,1202,0.09438446164131165,0.2922256886959076,395.0,0.19784122705459595,,,,
10,1203,0.09403929859399796,0.29257717728614807,417.0,0.19853787124156952,,,,
10,1204,0.10015951842069626,0.3379379212856293,456.0,0.23777839541435242,,,,
10,1205,0.0943741649389267,0.32232528924942017,483.0,0.22795113921165466,,,,
10,1206,0.08992981910705566,0.3267804980278015,398.0,0.23685066401958466,,,,
10,1207,0.0962391197681427,0.29641401767730713,429.0,0.20017488300800323,,,,
10,1208,0.08958005160093307,0.29796046018600464,457.0,0.20838041603565216,,,,
10,1209,0.10478637367486954,0.32703185081481934,444.0,0.2222454845905304,,,,
10,1210,0.09693673998117447,0.30138924717903137,435.0,0.2044525146484375,,,,
10,1211,0.10174060612916946,0.302568644285202,411.0,0.20082804560661316,,,,
10,1212,0.0945892333984375,0.33246859908103943,428.0,0.23787936568260193,,,,
10,1213,0.09603045135736465,0.3096531629562378,437.0,0.21362270414829254,,,,
10,1214,0.09431454539299011,0.2909887731075287,418.0,0.19667422771453857,,,,
10,1215,0.0928967148065567,0.2929290533065796,447.0,0.2000323235988617,,,,
10,1216,0.10252142697572708,0.31480127573013306,424.0,0.21227984130382538,,,,
10,1217,0.08860553801059723,0.2932857871055603,384.0,0.20468023419380188,,,,
10,1218,0.09401479363441467,0.300437331199646,462.0,0.20642253756523132,,,,
10,1219,0.10048997402191162,0.31499433517456055,441.0,0.21450434625148773,,,,
10,1220,0.09858908504247665,0.30312877893447876,445.0,0.2045396864414215,,,,
10,1221,0.09346438944339752,0.3069120943546295,393.0,0.213447704911232,,,,
10,1222,0.09489485621452332,0.3375408351421356,428.0,0.2426459789276123,,,,
10,1223,0.091139055788517,0.2986447215080261,422.0,0.20750567317008972,,,,
10,1224,0.09348804503679276,0.3220949172973633,467.0,0.22860686480998993,,,,
10,1225,0.09273404628038406,0.2788040339946747,405.0,0.18606999516487122,,,,
10,1226,0.09125582128763199,0.29143252968788147,423.0,0.20017671585083008,,,,
10,1227,0.08843018114566803,0.2802494168281555,430.0,0.19181925058364868,,,,
10,1228,0.09435604512691498,0.2884538471698761,419.0,0.19409780204296112,,,,
10,1229,0.09961938112974167,0.3177994191646576,427.0,0.21818003058433533,,,,
10,1230,0.09578248858451843,0.3145924210548401,425.0,0.21880994737148285,,,,
10,1231,0.07865696400403976,0.28196531534194946,389.0,0.2033083587884903,,,,
10,1231,,,,,0.19259990751743317,0.40230560302734375,247.14834594726562,0.20970571041107178
11,1232,0.09811446815729141,0.40014728903770447,423.0,0.30203282833099365,,,,
11,1233,0.08850357681512833,0.31769049167633057,429.0,0.22918692231178284,,,,
11,1234,0.09576185792684555,0.3022780418395996,430.0,0.20651619136333466,,,,
11,1235,0.08895695954561234,0.30532169342041016,419.0,0.21636472642421722,,,,
11,1236,0.09462575614452362,0.31580495834350586,433.0,0.22117921710014343,,,,
11,1237,0.09654891490936279,0.32505708932876587,405.0,0.22850818932056427,,,,
11,1238,0.09412907063961029,0.29560109972953796,435.0,0.20147202908992767,,,,
11,1239,0.09658128768205643,0.31257057189941406,478.0,0.21598929166793823,,,,
11,1240,0.09786582738161087,0.34847021102905273,422.0,0.25060439109802246,,,,
11,1241,0.09706113487482071,0.3174438178539276,428.0,0.2203826755285263,,,,
11,1242,0.10070804506540298,0.3243149220943451,406.0,0.2236068695783615,,,,
11,1243,0.0964067280292511,0.319236159324646,447.0,0.2228294312953949,,,,
11,1244,0.08390321582555771,0.2947361469268799,463.0,0.21083292365074158,,,,
11,1245,0.09425723552703857,0.29217100143432617,431.0,0.1979137808084488,,,,
11,1246,0.0960969626903534,0.3064308762550354,440.0,0.2103339284658432,,,,
11,1247,0.08774649351835251,0.2803419530391693,410.0,0.1925954669713974,,,,
11,1248,0.09808918088674545,0.30305081605911255,447.0,0.2049616277217865,,,,
11,1249,0.09135214239358902,0.30936866998672485,415.0,0.21801653504371643,,,,
11,1250,0.08667647838592529,0.2938816547393799,442.0,0.2072051614522934,,,,
11,1251,0.10788513720035553,0.33336341381073,424.0,0.22547829151153564,,,,
11,1252,0.09566944092512131,0.3041177988052368,468.0,0.2084483504295349,,,,
11,1253,0.08563771843910217,0.2888856828212738,423.0,0.20324796438217163,,,,
11,1254,0.09112261235713959,0.29518675804138184,422.0,0.20406414568424225,,,,
11,1255,0.09574893862009048,0.3057914972305298,414.0,0.2100425660610199,,,,
11,1256,0.08463098853826523,0.278970867395401,437.0,0.19433988630771637,,,,
11,1257,0.09533808380365372,0.3121853172779083,460.0,0.2168472409248352,,,,
11,1258,0.07849078625440598,0.26471656560897827,422.0,0.1862257868051529,,,,
11,1259,0.098085418343544,0.32688456773757935,454.0,0.22879914939403534,,,,
11,1260,0.09553197026252747,0.3083670139312744,464.0,0.21283505856990814,,,,
11,1261,0.0843309834599495,0.2837541401386261,469.0,0.1994231641292572,,,,
11,1262,0.09175847470760345,0.2951285243034363,445.0,0.20337003469467163,,,,
11,1263,0.08498819917440414,0.320278525352478,466.0,0.23529033362865448,,,,
11,1264,0.0880371704697609,0.3017067611217499,438.0,0.2136695832014084,,,,
11,1265,0.09600267559289932,0.3119085431098938,484.0,0.21590587496757507,,,,
11,1266,0.09318164736032486,0.30573636293411255,433.0,0.2125547230243683,,,,
11,1267,0.09019073843955994,0.2945822775363922,408.0,0.20439153909683228,,,,
11,1268,0.0883767306804657,0.27594971656799316,427.0,0.18757300078868866,,,,
11,1269,0.09853929281234741,0.3480623960494995,413.0,0.2495230883359909,,,,
11,1270,0.08739522099494934,0.3086610436439514,401.0,0.22126583755016327,,,,
11,1271,0.09700416028499603,0.298844575881958,460.0,0.20184041559696198,,,,
11,1272,0.09802830964326859,0.3142260015010834,432.0,0.21619769930839539,,,,
11,1273,0.0933058112859726,0.3055558204650879,443.0,0.2122499942779541,,,,
11,1274,0.08928462862968445,0.28219741582870483,451.0,0.19291280210018158,,,,
11,1275,0.09109784662723541,0.31048303842544556,464.0,0.21938520669937134,,,,
11,1276,0.09007659554481506,0.2788184583187103,428.0,0.18874186277389526,,,,
11,1277,0.09145079553127289,0.3066030740737915,430.0,0.21515227854251862,,,,
11,1278,0.10514317452907562,0.31767788529396057,414.0,0.21253471076488495,,,,
11,1279,0.08241425454616547,0.31055426597595215,443.0,0.22814002633094788,,,,
11,1280,0.09234980493783951,0.31425341963768005,449.0,0.22190360724925995,,,,
11,1281,0.10040447860956192,0.31963300704956055,427.0,0.21922852098941803,,,,
11,1282,0.0853881984949112,0.2881656289100647,439.0,0.2027774453163147,,,,
11,1283,0.08668455481529236,0.2734481692314148,465.0,0.18676362931728363,,,,
11,1284,0.09589070826768875,0.29185545444488525,430.0,0.1959647387266159,,,,
11,1285,0.09174230694770813,0.2853347063064575,449.0,0.1935923844575882,,,,
11,1286,0.08663535118103027,0.2821699380874634,434.0,0.1955345869064331,,,,
11,1287,0.08950011432170868,0.2942224144935608,457.0,0.2047223150730133,,,,
11,1288,0.09741086512804031,0.3096468150615692,418.0,0.2122359573841095,,,,
11,1289,0.09855605661869049,0.30507370829582214,412.0,0.20651765167713165,,,,
11,1290,0.08828449249267578,0.27788811922073364,427.0,0.18960364162921906,,,,
11,1291,0.10789177566766739,0.32518404722213745,358.0,0.21729227900505066,,,,
11,1292,0.0945078432559967,0.30347076058387756,447.0,0.20896291732788086,,,,
11,1293,0.09131670743227005,0.29309237003326416,432.0,0.2017756551504135,,,,
11,1294,0.09152555465698242,0.2653042674064636,467.0,0.1737787276506424,,,,
11,1295,0.08725693821907043,0.2746548652648926,411.0,0.18739791214466095,,,,
11,1296,0.10554295778274536,0.3281140923500061,434.0,0.22257113456726074,,,,
11,1297,0.09198012948036194,0.29396262764930725,459.0,0.2019824981689453,,,,
11,1298,0.08761324733495712,0.35637879371643066,451.0,0.26876553893089294,,,,
11,1299,0.09536347538232803,0.2997388243675232,440.0,0.20437534153461456,,,,
11,1300,0.09487654268741608,0.30082565546035767,407.0,0.2059491127729416,,,,
11,1301,0.08918184787034988,0.29001426696777344,432.0,0.20083241164684296,,,,
11,1302,0.09299107640981674,0.2944823205471039,440.0,0.20149123668670654,,,,
11,1303,0.09780662506818771,0.31589043140411377,451.0,0.21808379888534546,,,,
11,1304,0.08813149482011795,0.2897970676422119,456.0,0.20166556537151337,,,,
11,1305,0.09233327209949493,0.30044299364089966,419.0,0.20810970664024353,,,,
11,1306,0.08799923956394196,0.29717472195625305,441.0,0.2091754823923111,,,,
11,1307,0.09033294767141342,0.2789563238620758,477.0,0.1886233687400818,,,,
11,1308,0.09281843155622482,0.2945563793182373,428.0,0.20173794031143188,,,,
11,1309,0.08888465166091919,0.2936852276325226,466.0,0.2048005759716034,,,,
11,1310,0.08597001433372498,0.31317710876464844,478.0,0.22720707952976227,,,,
11,1311,0.0975252240896225,0.3227371573448181,431.0,0.2252119481563568,,,,
11,1312,0.09367179870605469,0.326183021068573,405.0,0.2325112372636795,,,,
11,1313,0.08812081813812256,0.28070902824401855,444.0,0.1925882250070572,,,,
11,1314,0.08671467006206512,0.28724566102027893,434.0,0.2005309909582138,,,,
11,1315,0.09149378538131714,0.3214873969554901,465.0,0.22999361157417297,,,,
11,1316,0.09728426486253738,0.3482925295829773,381.0,0.2510082721710205,,,,
11,1317,0.09282046556472778,0.30095791816711426,438.0,0.20813746750354767,,,,
11,1318,0.09333723783493042,0.31773093342781067,486.0,0.22439369559288025,,,,
11,1319,0.09048835933208466,0.28177839517593384,455.0,0.19129005074501038,,,,
11,1320,0.08330181986093521,0.28102272748947144,426.0,0.19772091507911682,,,,
11,1321,0.09573832899332047,0.29554620385169983,468.0,0.19980788230895996,,,,
11,1322,0.09565762430429459,0.3260267972946167,432.0,0.23036916553974152,,,,
11,1323,0.08783099800348282,0.27621522545814514,416.0,0.18838423490524292,,,,
11,1324,0.10714133828878403,0.39652690291404724,414.0,0.2893855571746826,,,,
11,1325,0.08557120710611343,0.2910912334918976,448.0,0.20552003383636475,,,,
11,1326,0.08762933313846588,0.2782049775123596,433.0,0.19057565927505493,,,,
11,1327,0.09161406755447388,0.2919594943523407,422.0,0.20034542679786682,,,,
11,1328,0.08355391025543213,0.2733619213104248,451.0,0.18980801105499268,,,,
11,1329,0.10137472301721573,0.3125086724758148,433.0,0.2111339420080185,,,,
11,1330,0.0876430869102478,0.26468464732170105,428.0,0.17704156041145325,,,,
11,1331,0.093061164021492,0.31151410937309265,426.0,0.21845294535160065,,,,
11,1332,0.09983198344707489,0.33150285482406616,421.0,0.23167088627815247,,,,
11,1333,0.0946556106209755,0.30424657464027405,420.0,0.20959095656871796,,,,
11,1334,0.08982548862695694,0.3251240849494934,424.0,0.23529858887195587,,,,
11,1335,0.09385616332292557,0.3047289550304413,439.0,0.2108727991580963,,,,
11,1336,0.09348801523447037,0.29991063475608826,407.0,0.2064226120710373,,,,
11,1337,0.09888327866792679,0.3255695402622223,418.0,0.2266862690448761,,,,
11,1338,0.09522084146738052,0.2820028066635132,393.0,0.18678195774555206,,,,
11,1339,0.08330007642507553,0.28921622037887573,438.0,0.2059161514043808,,,,
11,1340,0.09515104442834854,0.3120400607585907,416.0,0.21688900887966156,,,,
11,1341,0.08770400285720825,0.3285953402519226,445.0,0.24089132249355316,,,,
11,1342,0.08786876499652863,0.28258228302001953,451.0,0.1947135031223297,,,,
11,1343,0.09749201685190201,0.3245713412761688,341.0,0.22707931697368622,,,,
11,1343,,,,,0.1911611407995224,0.39495277404785156,247.14834594726562,0.20379160344600677
12,1344,0.09105745702981949,0.283611923456192,444.0,0.19255447387695312,,,,
12,1345,0.09451211243867874,0.323336660861969,434.0,0.22882455587387085,,,,
12,1346,0.09475118666887283,0.31578919291496277,464.0,0.22103801369667053,,,,
12,1347,0.09135781973600388,0.2867491543292999,448.0,0.19539132714271545,,,,
12,1348,0.1020054891705513,0.32004979252815247,427.0,0.21804431080818176,,,,
12,1349,0.08932945132255554,0.2876114845275879,441.0,0.19828203320503235,,,,
12,1350,0.09370970726013184,0.3326992392539978,437.0,0.23898954689502716,,,,
12,1351,0.0923018753528595,0.31158459186553955,451.0,0.21928273141384125,,,,
12,1352,0.09054984152317047,0.3226459324359894,434.0,0.2320960909128189,,,,
12,1353,0.09951813519001007,0.3136134743690491,424.0,0.2140953242778778,,,,
12,1354,0.08799918740987778,0.27317753434181213,445.0,0.18517835438251495,,,,
12,1355,0.08947588503360748,0.28162717819213867,425.0,0.1921512931585312,,,,
12,1356,0.0881025418639183,0.29743605852127075,439.0,0.20933350920677185,,,,
12,1357,0.08985116332769394,0.2869656980037689,414.0,0.19711454212665558,,,,
12,1358,0.09129950404167175,0.2976965308189392,454.0,0.20639702677726746,,,,
12,1359,0.0837595984339714,0.2835786044597626,425.0,0.19981901347637177,,,,
12,1360,0.09438084065914154,0.3096710443496704,428.0,0.21529021859169006,,,,
12,1361,0.08857447654008865,0.28871601819992065,434.0,0.2001415491104126,,,,
12,1362,0.08926045894622803,0.3014083206653595,454.0,0.21214786171913147,,,,
12,1363,0.08883826434612274,0.28904643654823303,438.0,0.2002081722021103,,,,
12,1364,0.09575612097978592,0.30301588773727417,411.0,0.20725975930690765,,,,
12,1365,0.09393835067749023,0.2926931381225586,448.0,0.19875478744506836,,,,
12,1366,0.08832883834838867,0.3013462722301483,444.0,0.21301743388175964,,,,
12,1367,0.09628821164369583,0.30820271372795105,431.0,0.21191449463367462,,,,
12,1368,0.09025733172893524,0.3009129762649536,424.0,0.21065562963485718,,,,
12,1369,0.09448540210723877,0.29621386528015137,425.0,0.2017284631729126,,,,
12,1370,0.09408076107501984,0.2898586690425873,442.0,0.19577790796756744,,,,
12,1371,0.0931054875254631,0.2878676652908325,448.0,0.19476218521595,,,,
12,1372,0.08595161885023117,0.32056352496147156,470.0,0.23461191356182098,,,,
12,1373,0.08821477741003036,0.2833096385002136,433.0,0.19509486854076385,,,,
12,1374,0.08916165679693222,0.2878207862377167,462.0,0.19865913689136505,,,,
12,1375,0.08916764706373215,0.2868671119213104,423.0,0.19769947230815887,,,,
12,1376,0.09528377652168274,0.297159880399704,404.0,0.20187610387802124,,,,
12,1377,0.09664185345172882,0.28714999556541443,421.0,0.1905081421136856,,,,
12,1378,0.09128806740045547,0.3052819073200226,459.0,0.2139938324689865,,,,
12,1379,0.0912170559167862,0.30288851261138916,448.0,0.21167145669460297,,,,
12,1380,0.08332478255033493,0.3025539219379425,426.0,0.21922914683818817,,,,
12,1381,0.09780076891183853,0.3168441951274872,425.0,0.21904343366622925,,,,
12,1382,0.10041369497776031,0.2909197211265564,406.0,0.1905060112476349,,,,
12,1383,0.0944364070892334,0.31109175086021423,434.0,0.21665534377098083,,,,
12,1384,0.0914623886346817,0.2905365824699402,430.0,0.19907419383525848,,,,
12,1385,0.08408985286951065,0.3007638156414032,432.0,0.21667397022247314,,,,
12,1386,0.09491530060768127,0.3105512857437134,399.0,0.2156359851360321,,,,
12,1387,0.09106846153736115,0.2896955609321594,437.0,0.19862709939479828,,,,
12,1388,0.09145576506853104,0.2839767336845398,424.0,0.19252096116542816,,,,
12,1389,0.09694653749465942,0.3008817434310913,446.0,0.20393522083759308,,,,
12,1390,0.09404432773590088,0.29410457611083984,452.0,0.20006026327610016,,,,
12,1391,0.10099709033966064,0.30844900012016296,448.0,0.20745190978050232,,,,
12,1392,0.09895305335521698,0.29814714193344116,434.0,0.19919410347938538,,,,
12,1393,0.08790052682161331,0.2835811376571655,425.0,0.1956806182861328,,,,
12,1394,0.08024941384792328,0.30392950773239136,447.0,0.22368010878562927,,,,
12,1395,0.09268717467784882,0.3010123372077942,436.0,0.20832514762878418,,,,
12,1396,0.09501837193965912,0.2901824116706848,422.0,0.1951640248298645,,,,
12,1397,0.08628988265991211,0.2995346188545227,483.0,0.2132447361946106,,,,
12,1398,0.08972177654504776,0.2949083149433136,389.0,0.20518654584884644,,,,
12,1399,0.08926918357610703,0.30061572790145874,445.0,0.21134653687477112,,,,
12,1400,0.09653372317552567,0.2943389117717743,437.0,0.19780518114566803,,,,
12,1401,0.09030311554670334,0.27851706743240356,467.0,0.18821395933628082,,,,
12,1402,0.08733248710632324,0.2980448603630066,402.0,0.21071237325668335,,,,
12,1403,0.09403754025697708,0.2929489016532898,433.0,0.19891135394573212,,,,
12,1404,0.08455550670623779,0.2606357932090759,454.0,0.17608028650283813,,,,
12,1405,0.08735343813896179,0.29092830419540405,428.0,0.20357486605644226,,,,
12,1406,0.08428635448217392,0.28462839126586914,440.0,0.20034204423427582,,,,
12,1407,0.08381925523281097,0.2741532027721405,434.0,0.19033394753932953,,,,
12,1408,0.08800897002220154,0.2984424829483032,453.0,0.21043351292610168,,,,
12,1409,0.09147292375564575,0.28582990169525146,465.0,0.19435696303844452,,,,
12,1410,0.09014163911342621,0.29947423934936523,428.0,0.20933258533477783,,,,
12,1411,0.08984187245368958,0.27416539192199707,415.0,0.1843235045671463,,,,
12,1412,0.0876474604010582,0.290512353181839,435.0,0.2028648853302002,,,,
12,1413,0.09316614270210266,0.3058546781539917,436.0,0.21268853545188904,,,,
12,1414,0.09121584892272949,0.288028746843338,407.0,0.19681289792060852,,,,
12,1415,0.09763409942388535,0.31567585468292236,476.0,0.21804176270961761,,,,
12,1416,0.08441224694252014,0.2887302041053772,444.0,0.20431795716285706,,,,
12,1417,0.08843521773815155,0.2981351912021637,427.0,0.20969997346401215,,,,
12,1418,0.09234242886304855,0.28844767808914185,422.0,0.1961052417755127,,,,
12,1419,0.08859728276729584,0.27267032861709595,426.0,0.1840730607509613,,,,
12,1420,0.09814002364873886,0.3322843909263611,440.0,0.23414435982704163,,,,
12,1421,0.08470276743173599,0.2683221995830536,471.0,0.1836194396018982,,,,
12,1422,0.09963301569223404,0.3086208403110504,414.0,0.20898783206939697,,,,
12,1423,0.08624588698148727,0.2802504301071167,430.0,0.19400455057621002,,,,
12,1424,0.08976084738969803,0.32029417157173157,450.0,0.23053333163261414,,,,
12,1425,0.091794952750206,0.29268795251846313,453.0,0.20089301466941833,,,,
12,1426,0.09098247438669205,0.2967582643032074,425.0,0.20577579736709595,,,,
12,1427,0.0908346101641655,0.28900963068008423,439.0,0.19817501306533813,,,,
12,1428,0.07943648844957352,0.27043256163597107,437.0,0.19099606573581696,,,,
12,1429,0.09539765119552612,0.3213860094547272,456.0,0.22598835825920105,,,,
12,1430,0.09526804089546204,0.3104281425476074,440.0,0.2151600867509842,,,,
12,1431,0.09835249930620193,0.2873939573764801,434.0,0.18904145061969757,,,,
12,1432,0.08721957355737686,0.2958707809448242,419.0,0.20865119993686676,,,,
12,1433,0.09613408148288727,0.31150996685028076,441.0,0.2153758704662323,,,,
12,1434,0.09774359315633774,0.3075237572193146,416.0,0.20978017151355743,,,,
12,1435,0.09404514729976654,0.3072187304496765,413.0,0.21317358314990997,,,,
12,1436,0.0880909413099289,0.31430813670158386,442.0,0.22621719539165497,,,,
12,1437,0.08608657121658325,0.28105729818344116,434.0,0.1949707269668579,,,,
12,1438,0.08648813515901566,0.3210394084453583,448.0,0.23455128073692322,,,,
12,1439,0.09820424020290375,0.28517359495162964,427.0,0.18696936964988708,,,,
12,1440,0.09086731821298599,0.27795013785362244,467.0,0.18708281219005585,,,,
12,1441,0.0911405012011528,0.2854006290435791,422.0,0.1942601203918457,,,,
12,1442,0.09158443659543991,0.31416743993759155,452.0,0.22258301079273224,,,,
12,1443,0.09521235525608063,0.2929935157299042,433.0,0.19778116047382355,,,,
12,1444,0.09590302407741547,0.29777610301971436,419.0,0.2018730640411377,,,,
12,1445,0.09166448563337326,0.28013503551483154,434.0,0.18847055733203888,,,,
12,1446,0.0883302167057991,0.2990339696407318,454.0,0.2107037454843521,,,,
12,1447,0.09489154070615768,0.3036707043647766,410.0,0.20877915620803833,,,,
12,1448,0.09210380911827087,0.29489415884017944,422.0,0.20279036462306976,,,,
12,1449,0.0909217894077301,0.27808356285095215,434.0,0.18716178834438324,,,,
12,1450,0.09808068722486496,0.3164401054382324,432.0,0.21835941076278687,,,,
12,1451,0.08617445826530457,0.27984654903411865,456.0,0.1936720907688141,,,,
12,1452,0.09740342199802399,0.31069183349609375,443.0,0.21328841149806976,,,,
12,1453,0.09770967811346054,0.2971406877040863,408.0,0.19943101704120636,,,,
12,1454,0.09025789797306061,0.28935015201568604,450.0,0.19909226894378662,,,,
12,1455,0.08333664387464523,0.2767332196235657,368.0,0.19339658319950104,,,,
12,1455,,,,,0.18927296996116638,0.3897140920162201,247.14834594726562,0.20044110715389252
13,1456,0.09382154792547226,0.30138564109802246,429.0,0.2075641006231308,,,,
13,1457,0.08913896232843399,0.289386123418808,486.0,0.2002471536397934,,,,
13,1458,0.09169869869947433,0.2840820550918579,405.0,0.19238336384296417,,,,
13,1459,0.09170810878276825,0.28039610385894775,505.0,0.1886879801750183,,,,
13,1460,0.0930297002196312,0.2903936803340912,409.0,0.1973639875650406,,,,
13,1461,0.08965612947940826,0.2970648407936096,409.0,0.20740871131420135,,,,
13,1462,0.09185361117124557,0.3146626055240631,474.0,0.22280900180339813,,,,
13,1463,0.08658640086650848,0.28351855278015137,431.0,0.1969321370124817,,,,
13,1464,0.08810178935527802,0.3096778988838196,413.0,0.22157610952854156,,,,
13,1465,0.08756472915410995,0.28995364904403687,435.0,0.2023889273405075,,,,
13,1466,0.09517423063516617,0.33089226484298706,453.0,0.2357180267572403,,,,
13,1467,0.09467918425798416,0.3034808337688446,416.0,0.20880165696144104,,,,
13,1468,0.0887121707201004,0.2743893563747406,454.0,0.1856771856546402,,,,
13,1469,0.08704957365989685,0.2838182747364044,410.0,0.19676870107650757,,,,
13,1470,0.08835099637508392,0.27998244762420654,429.0,0.19163145124912262,,,,
13,1471,0.08958420902490616,0.26923826336860657,408.0,0.179654061794281,,,,
13,1472,0.09127238392829895,0.2993531823158264,448.0,0.20808078348636627,,,,
13,1473,0.09797319769859314,0.2870386242866516,443.0,0.18906542658805847,,,,
13,1474,0.0913090780377388,0.2830888032913208,448.0,0.1917797178030014,,,,
13,1475,0.0883464440703392,0.27311208844184875,451.0,0.18476563692092896,,,,
13,1476,0.0962541475892067,0.29041850566864014,424.0,0.19416435062885284,,,,
13,1477,0.09172030538320541,0.3168635368347168,397.0,0.22514323890209198,,,,
13,1478,0.09063270688056946,0.3012318015098572,450.0,0.21059909462928772,,,,
13,1479,0.08975812047719955,0.3874979317188263,439.0,0.29773980379104614,,,,
13,1480,0.09177664667367935,0.2997266948223114,456.0,0.20795005559921265,,,,
13,1481,0.07989337295293808,0.2651676833629608,438.0,0.18527431786060333,,,,
13,1482,0.10338291525840759,0.31033942103385925,400.0,0.20695650577545166,,,,
13,1483,0.0893372967839241,0.2901446223258972,420.0,0.2008073329925537,,,,
13,1484,0.08400729298591614,0.2951161563396454,421.0,0.21110886335372925,,,,
13,1485,0.0830564796924591,0.31393396854400635,449.0,0.23087750375270844,,,,
13,1486,0.09170587360858917,0.2999180853366852,433.0,0.208212211728096,,,,
13,1487,0.08769835531711578,0.2774880826473236,421.0,0.18978972733020782,,,,
13,1488,0.08147641271352768,0.3074905574321747,448.0,0.2260141521692276,,,,
13,1489,0.08004006743431091,0.26504552364349365,476.0,0.18500544130802155,,,,
13,1490,0.08326808363199234,0.2701782286167145,445.0,0.18691015243530273,,,,
13,1491,0.0931864008307457,0.29384732246398926,426.0,0.20066092908382416,,,,
13,1492,0.08809030801057816,0.30046412348747253,416.0,0.21237380802631378,,,,
13,1493,0.09342797845602036,0.3171529471874237,441.0,0.22372497618198395,,,,
13,1494,0.0987815111875534,0.31020355224609375,435.0,0.21142204105854034,,,,
13,1495,0.08823659271001816,0.2766093611717224,438.0,0.18837277591228485,,,,
13,1496,0.08914180099964142,0.2806832790374756,448.0,0.19154146313667297,,,,
13,1497,0.09119191020727158,0.2895004451274872,423.0,0.198308527469635,,,,
13,1498,0.09132009744644165,0.2881646752357483,420.0,0.19684457778930664,,,,
13,1499,0.09362952411174774,0.28500592708587646,419.0,0.19137641787528992,,,,
13,1500,0.08635251969099045,0.2780202329158783,420.0,0.19166770577430725,,,,
13,1501,0.08948493003845215,0.27784615755081177,412.0,0.18836122751235962,,,,
13,1502,0.08788620680570602,0.27008113265037537,411.0,0.18219493329524994,,,,
13,1503,0.10115683078765869,0.322134792804718,444.0,0.22097794711589813,,,,
13,1504,0.08647298067808151,0.27970564365386963,430.0,0.19323265552520752,,,,
13,1505,0.08884211629629135,0.2906619608402252,432.0,0.20181983709335327,,,,
13,1506,0.09409913420677185,0.2972240447998047,428.0,0.20312489569187164,,,,
13,1507,0.08827308565378189,0.3135058581829071,426.0,0.22523276507854462,,,,
13,1508,0.0889207124710083,0.2787178158760071,433.0,0.18979711830615997,,,,
13,1509,0.08475115895271301,0.2941615879535675,427.0,0.2094104290008545,,,,
13,1510,0.09472262859344482,0.2923092544078827,430.0,0.19758662581443787,,,,
13,1511,0.08925963193178177,0.29630082845687866,442.0,0.2070412039756775,,,,
13,1512,0.08947541564702988,0.2796939015388489,431.0,0.1902184933423996,,,,
13,1513,0.08702488988637924,0.2736286222934723,411.0,0.18660372495651245,,,,
13,1514,0.09470859915018082,0.33366841077804565,401.0,0.23895981907844543,,,,
13,1515,0.08904565870761871,0.28314098715782166,459.0,0.19409532845020294,,,,
13,1516,0.09774435311555862,0.29987525939941406,444.0,0.20213089883327484,,,,
13,1517,0.08032328635454178,0.29831957817077637,448.0,0.21799629926681519,,,,
13,1518,0.0984850749373436,0.29654937982559204,454.0,0.19806431233882904,,,,
13,1519,0.08637569099664688,0.2754004895687103,438.0,0.18902480602264404,,,,
13,1520,0.0827832892537117,0.2715381383895874,404.0,0.1887548565864563,,,,
13,1521,0.09977027773857117,0.31487956643104553,427.0,0.21510928869247437,,,,
13,1522,0.09465839713811874,0.2816336452960968,424.0,0.18697524070739746,,,,
13,1523,0.09580248594284058,0.28449684381484985,434.0,0.18869434297084808,,,,
13,1524,0.09783521294593811,0.2959693372249603,429.0,0.19813412427902222,,,,
13,1525,0.09625303000211716,0.2983499765396118,442.0,0.20209695398807526,,,,
13,1526,0.08873345702886581,0.30081865191459656,432.0,0.21208518743515015,,,,
13,1527,0.09156179428100586,0.2901071310043335,454.0,0.19854535162448883,,,,
13,1528,0.09404678642749786,0.2942968010902405,432.0,0.20025001466274261,,,,
13,1529,0.09344471246004105,0.2982882261276245,440.0,0.20484350621700287,,,,
13,1530,0.08473348617553711,0.3012334704399109,403.0,0.21649999916553497,,,,
13,1531,0.08874757587909698,0.3004090487957001,442.0,0.2116614729166031,,,,
13,1532,0.09391158819198608,0.29712823033332825,451.0,0.20321664214134216,,,,
13,1533,0.08929172158241272,0.27989616990089417,435.0,0.19060444831848145,,,,
13,1534,0.08609121292829514,0.2723049819469452,430.0,0.18621376156806946,,,,
13,1535,0.09090139716863632,0.2852230668067932,454.0,0.1943216770887375,,,,
13,1536,0.09110503643751144,0.2956826686859131,433.0,0.20457763969898224,,,,
13,1537,0.09363294392824173,0.2894866466522217,431.0,0.19585369527339935,,,,
13,1538,0.09002397954463959,0.29716843366622925,437.0,0.20714443922042847,,,,
13,1539,0.0868709459900856,0.27359580993652344,441.0,0.18672485649585724,,,,
13,1540,0.0935223177075386,0.29137396812438965,421.0,0.19785164296627045,,,,
13,1541,0.0861479640007019,0.28330671787261963,438.0,0.19715876877307892,,,,
13,1542,0.09211210906505585,0.2794656753540039,433.0,0.18735355138778687,,,,
13,1543,0.09346730262041092,0.28744417428970337,430.0,0.19397686421871185,,,,
13,1544,0.0893397405743599,0.2927839756011963,424.0,0.2034442275762558,,,,
13,1545,0.08492904901504517,0.27854758501052856,435.0,0.1936185210943222,,,,
13,1546,0.07787411659955978,0.31579506397247314,427.0,0.23792093992233276,,,,
13,1547,0.09077556431293488,0.2972806692123413,442.0,0.20650510489940643,,,,
13,1548,0.08859964460134506,0.29522904753685,466.0,0.20662939548492432,,,,
13,1549,0.08609868586063385,0.281996488571167,410.0,0.19589780271053314,,,,
13,1550,0.08458104729652405,0.27441325783729553,426.0,0.18983221054077148,,,,
13,1551,0.08608824014663696,0.27117395401000977,426.0,0.185085728764534,,,,
13,1552,0.08566021919250488,0.28027698397636414,424.0,0.19461676478385925,,,,
13,1553,0.09309040009975433,0.2871440052986145,442.0,0.19405359029769897,,,,
13,1554,0.09828582406044006,0.3144577145576477,447.0,0.21617190539836884,,,,
13,1555,0.09196096658706665,0.31052863597869873,465.0,0.21856766939163208,,,,
13,1556,0.08188441395759583,0.26558786630630493,425.0,0.1837034523487091,,,,
13,1557,0.08925038576126099,0.2847105860710144,443.0,0.19546018540859222,,,,
13,1558,0.08578064292669296,0.2819536328315735,440.0,0.19617299735546112,,,,
13,1559,0.08877049386501312,0.3033989369869232,458.0,0.2146284431219101,,,,
13,1560,0.08731331676244736,0.2851952314376831,446.0,0.19788192212581635,,,,
13,1561,0.08433286100625992,0.34523847699165344,406.0,0.2609056234359741,,,,
13,1562,0.08625227212905884,0.26737380027770996,402.0,0.18112152814865112,,,,
13,1563,0.09301387518644333,0.325244277715683,451.0,0.23223040997982025,,,,
13,1564,0.08883415162563324,0.2914365530014038,410.0,0.20260238647460938,,,,
13,1565,0.08341219276189804,0.2792387306690216,408.0,0.19582654535770416,,,,
13,1566,0.09022626280784607,0.2908824682235718,387.0,0.2006562054157257,,,,
13,1567,0.07985065132379532,0.25568950176239014,341.0,0.17583885788917542,,,,
13,1567,,,,,0.1866740733385086,0.38731929659843445,247.14834594726562,0.20064522325992584
14,1568,0.08710433542728424,0.276691198348999,447.0,0.18958686292171478,,,,
14,1569,0.08926299959421158,0.29505059123039246,412.0,0.20578758418560028,,,,
14,1570,0.09018068015575409,0.28834956884384155,425.0,0.19816890358924866,,,,
14,1571,0.08794539421796799,0.2840130031108856,420.0,0.19606761634349823,,,,
14,1572,0.0918840765953064,0.289382666349411,435.0,0.19749858975410461,,,,
14,1573,0.09375043958425522,0.2959235906600952,443.0,0.2021731585264206,,,,
14,1574,0.08749376237392426,0.3063643276691437,448.0,0.21887056529521942,,,,
14,1575,0.09572701901197433,0.3331815302371979,458.0,0.23745450377464294,,,,
14,1576,0.08645450323820114,0.28004902601242065,395.0,0.1935945302248001,,,,
14,1577,0.09030542522668839,0.34573766589164734,444.0,0.25543224811553955,,,,
14,1578,0.0922512486577034,0.287386417388916,429.0,0.1951351761817932,,,,
14,1579,0.08438093215227127,0.28696727752685547,447.0,0.2025863528251648,,,,
14,1580,0.09100467711687088,0.2828347086906433,451.0,0.19183002412319183,,,,
14,1581,0.08753082901239395,0.2888527810573578,438.0,0.20132195949554443,,,,
14,1582,0.08887141197919846,0.2777983546257019,392.0,0.18892695009708405,,,,
14,1583,0.0862148106098175,0.2690238952636719,431.0,0.18280909955501556,,,,
14,1584,0.08790500462055206,0.2816711664199829,450.0,0.19376616179943085,,,,
14,1585,0.09223856776952744,0.2931011915206909,411.0,0.20086261630058289,,,,
14,1586,0.08818212151527405,0.2891122102737427,436.0,0.20093007385730743,,,,
14,1587,0.09433458745479584,0.27963531017303467,440.0,0.18530072271823883,,,,
14,1588,0.09153661131858826,0.31155142188072205,432.0,0.2200148105621338,,,,
14,1589,0.09136869758367538,0.28671789169311523,391.0,0.19534920156002045,,,,
14,1590,0.08686327189207077,0.29275277256965637,421.0,0.2058895081281662,,,,
14,1591,0.09033024311065674,0.28667277097702026,457.0,0.19634252786636353,,,,
14,1592,0.09823508560657501,0.3146227300167084,408.0,0.21638764441013336,,,,
14,1593,0.08363648504018784,0.2946784496307373,454.0,0.21104195713996887,,,,
14,1594,0.09643987566232681,0.31390348076820374,424.0,0.21746361255645752,,,,
14,1595,0.08459498733282089,0.2945263683795929,471.0,0.2099313735961914,,,,
14,1596,0.07952290773391724,0.27281227707862854,457.0,0.1932893693447113,,,,
14,1597,0.08407033979892731,0.2868409752845764,447.0,0.2027706354856491,,,,
14,1598,0.09225372970104218,0.2849298119544983,440.0,0.19267608225345612,,,,
14,1599,0.09386548399925232,0.35943788290023804,391.0,0.2655723989009857,,,,
14,1600,0.09163854271173477,0.2929144501686096,410.0,0.20127591490745544,,,,
14,1601,0.09183984994888306,0.2992546558380127,424.0,0.20741482079029083,,,,
14,1602,0.08884672075510025,0.2781074047088623,422.0,0.18926069140434265,,,,
14,1603,0.08482380211353302,0.27204984426498413,429.0,0.1872260421514511,,,,
14,1604,0.08374137431383133,0.27957579493522644,432.0,0.19583441317081451,,,,
14,1605,0.08712255954742432,0.2806602120399475,429.0,0.193537637591362,,,,
14,1606,0.0903472825884819,0.2852424681186676,443.0,0.1948951929807663,,,,
14,1607,0.08832821249961853,0.29882705211639404,425.0,0.2104988396167755,,,,
14,1608,0.10364826023578644,0.3275526463985443,431.0,0.22390438616275787,,,,
14,1609,0.09664255380630493,0.3031144142150879,420.0,0.20647187530994415,,,,
14,1610,0.0806674063205719,0.2606639862060547,462.0,0.1799965798854828,,,,
14,1611,0.09106794744729996,0.29246270656585693,458.0,0.20139476656913757,,,,
14,1612,0.08371753245592117,0.27942413091659546,439.0,0.1957065910100937,,,,
14,1613,0.08821815997362137,0.284105122089386,426.0,0.19588695466518402,,,,
14,1614,0.08506233990192413,0.2851741313934326,441.0,0.2001117765903473,,,,
14,1615,0.08691349625587463,0.32210010290145874,426.0,0.2351866066455841,,,,
14,1616,0.09111927449703217,0.3140462040901184,438.0,0.22292694449424744,,,,
14,1617,0.09080124646425247,0.28197041153907776,408.0,0.19116917252540588,,,,
14,1618,0.08975682407617569,0.3065376281738281,446.0,0.21678081154823303,,,,
14,1619,0.08701014518737793,0.30615758895874023,420.0,0.2191474586725235,,,,
14,1620,0.0900392010807991,0.3073693513870239,428.0,0.21733014285564423,,,,
14,1621,0.09465155750513077,0.30310651659965515,439.0,0.2084549516439438,,,,
14,1622,0.08835574239492416,0.29423487186431885,414.0,0.2058791220188141,,,,
14,1623,0.09419365227222443,0.29610204696655273,436.0,0.2019084095954895,,,,
14,1624,0.08969385176897049,0.3045985996723175,418.0,0.2149047553539276,,,,
14,1625,0.08184687793254852,0.26301178336143494,463.0,0.1811649054288864,,,,
14,1626,0.09654351323843002,0.31493276357650757,412.0,0.21838924288749695,,,,
14,1627,0.08610614389181137,0.2855943739414215,446.0,0.19948823750019073,,,,
14,1628,0.08238041400909424,0.27502912282943726,412.0,0.19264870882034302,,,,
14,1629,0.09682430326938629,0.31310948729515076,435.0,0.21628518402576447,,,,
14,1630,0.08834480494260788,0.28061386942863464,435.0,0.19226907193660736,,,,
14,1631,0.08295062929391861,0.2860645055770874,442.0,0.2031138688325882,,,,
14,1632,0.09967388212680817,0.2932344675064087,402.0,0.19356060028076172,,,,
14,1633,0.08976884931325912,0.28072601556777954,458.0,0.19095715880393982,,,,
14,1634,0.07979011535644531,0.27480170130729675,439.0,0.19501158595085144,,,,
14,1635,0.0784645825624466,0.3000897467136383,460.0,0.2216251641511917,,,,
14,1636,0.0857580378651619,0.26765453815460205,449.0,0.18189649283885956,,,,
14,1637,0.08444538712501526,0.27724629640579224,461.0,0.19280090928077698,,,,
14,1638,0.08761521428823471,0.29356807470321655,418.0,0.20595286786556244,,,,
14,1639,0.0950002670288086,0.2967641353607178,401.0,0.20176385343074799,,,,
14,1640,0.09052478522062302,0.30326130986213684,470.0,0.21273651719093323,,,,
14,1641,0.08936487138271332,0.28164827823638916,421.0,0.19228340685367584,,,,
14,1642,0.08827871084213257,0.28710439801216125,411.0,0.1988256871700287,,,,
14,1643,0.08899802714586258,0.2722923159599304,404.0,0.18329428136348724,,,,
14,1644,0.09765643626451492,0.31774845719337463,417.0,0.2200920283794403,,,,
14,1645,0.08449357002973557,0.2946535646915436,429.0,0.2101600021123886,,,,
14,1646,0.08631860464811325,0.26876211166381836,459.0,0.1824435144662857,,,,
14,1647,0.08520711958408356,0.2760457396507263,423.0,0.19083863496780396,,,,
14,1648,0.09859723597764969,0.3285191059112549,429.0,0.2299218624830246,,,,
14,1649,0.09629791975021362,0.30388858914375305,420.0,0.20759066939353943,,,,
14,1650,0.08868125081062317,0.282012939453125,447.0,0.19333170354366302,,,,
14,1651,0.08709543198347092,0.27513957023620605,470.0,0.18804414570331573,,,,
14,1652,0.09530499577522278,0.2827022075653076,460.0,0.18739721179008484,,,,
14,1653,0.08358102291822433,0.27425193786621094,426.0,0.190670907497406,,,,
14,1654,0.0831131860613823,0.3234487473964691,403.0,0.24033556878566742,,,,
14,1655,0.0846908837556839,0.2775823175907135,423.0,0.1928914338350296,,,,
14,1656,0.08947453647851944,0.2793475091457367,445.0,0.18987298011779785,,,,
14,1657,0.08595186471939087,0.28011709451675415,444.0,0.19416522979736328,,,,
14,1658,0.0930018499493599,0.3211718499660492,402.0,0.2281699925661087,,,,
14,1659,0.08700638264417648,0.27953919768333435,420.0,0.19253280758857727,,,,
14,1660,0.08672891557216644,0.28195154666900635,428.0,0.1952226459980011,,,,
14,1661,0.08795103430747986,0.2836560904979706,424.0,0.19570505619049072,,,,
14,1662,0.07848066091537476,0.26654499769210815,471.0,0.1880643516778946,,,,
14,1663,0.08376530557870865,0.2960282862186432,437.0,0.21226297318935394,,,,
14,1664,0.0852917954325676,0.28707045316696167,456.0,0.20177865028381348,,,,
14,1665,0.08914604783058167,0.27989432215690613,433.0,0.19074827432632446,,,,
14,1666,0.08523347973823547,0.3146226704120636,452.0,0.22938919067382812,,,,
14,1667,0.08859006315469742,0.2756182551383972,435.0,0.1870281845331192,,,,
14,1668,0.08793492615222931,0.2782983183860779,421.0,0.19036339223384857,,,,
14,1669,0.0942331850528717,0.31994202733039856,436.0,0.22570884227752686,,,,
14,1670,0.09184286743402481,0.283117413520813,459.0,0.19127453863620758,,,,
14,1671,0.0951695665717125,0.29107171297073364,426.0,0.19590213894844055,,,,
14,1672,0.08959417045116425,0.2784993648529053,437.0,0.18890519440174103,,,,
14,1673,0.082135871052742,0.2960175573825836,439.0,0.2138816863298416,,,,
14,1674,0.08289725333452225,0.2701352536678314,444.0,0.18723799288272858,,,,
14,1675,0.08912814408540726,0.2845861613750458,405.0,0.19545802474021912,,,,
14,1676,0.09389578551054001,0.29165494441986084,401.0,0.19775916635990143,,,,
14,1677,0.08505957573652267,0.275223046541214,429.0,0.1901634782552719,,,,
14,1678,0.0899522677063942,0.29656150937080383,402.0,0.20660923421382904,,,,
14,1679,0.08552686870098114,0.27527695894241333,372.0,0.1897500902414322,,,,
14,1679,,,,,0.18619300425052643,0.3848021626472473,247.14834594726562,0.1986091583967209
